He whittled a sharp point onto the Square 2 behind his earand doodled a pair of antenn, PENCIL he inthe magazine. Grampa crooked his neck os atte a and looked into Claire’s face. one
5	1	3	1	3	12	1100	122	55	50	39.283707	monet
4	1	3	1	4	0	464	159	608	33	-1	
5	1	3	1	4	1	464	170	27	17	96.920776	felt
5	1	3	1	4	2	500	165	82	20	96.239021	unsteady.
5	1	3	1	4	3	591	163	33	16	97.013184	She
5	1	3	1	4	4	673	161	16	15	93.081001	“I
5	1	3	1	4	5	697	159	47	17	96.887680	think
5	1	3	1	4	6	752	164	26	11	96.987534	we
5	1	3	1	4	7	784	164	32	11	96.928383	can
5	1	3	1	4	8	822	162	28	17	96.841202	get
5	1	3	1	4	9	857	160	31	16	96.993149	this
5	1	3	1	4	10	895	161	37	17	96.277199	deal
5	1	3	1	4	11	939	168	23	12	96.277199	on
5	1	3	1	4	12	969	165	26	17	93.045662	the
5	1	3	1	4	13	1003	171	41	16	66.384232	strep
5	1	3	1	4	14	1056	175	16	17	94.042709	th
4	1	3	1	5	0	489	173	664	43	-1	
5	1	3	1	5	1	489	194	23	19	95.723549	tly
5	1	3	1	5	2	518	193	32	15	93.720978	less
5	1	3	1	5	3	556	188	67	18	96.782326	amused
5	1	3	1	5	4	642	186	68	17	94.372520	exhibit.
5	1	3	1	5	5	718	185	32	16	96.906334	But
5	1	3	1	5	6	756	189	25	11	96.906334	we
5	1	3	1	5	7	787	187	45	17	96.101654	gotta
5	1	3	1	5	8	837	185	53	20	95.882881	spend
5	1	3	1	5	9	895	186	21	16	95.547531	all
5	1	3	1	5	10	923	187	32	21	96.930305	day
5	1	3	1	5	11	961	173	95	43	15.913254	tomorrow
5	1	3	1	5	12	1077	176	15	37	84.716354	OF
5	1	3	1	5	13	1100	176	26	37	95.913429	the
5	1	3	1	5	14	1127	195	26	18	76.511818	Ney,
4	1	3	1	6	0	642	199	512	46	-1	
5	1	3	1	6	1	642	214	44	18	96.909149	gotta
5	1	3	1	6	2	692	213	25	14	96.948708	set
5	1	3	1	6	3	722	209	27	17	96.948708	the
5	1	3	1	6	4	753	209	60	21	95.237244	jewels
5	1	3	1	6	5	818	210	32	16	94.529488	and
5	1	3	1	6	6	855	210	46	17	94.529488	dress
5	1	3	1	6	7	907	212	56	21	96.672371	Shiva,
5	1	3	1	6	8	969	220	28	12	96.040657	not
5	1	3	1	6	9	1002	220	16	14	96.040657	to
5	1	3	1	6	10	1020	199	51	46	51.755810	meal
5	1	3	1	6	11	1127	215	27	23	10.256195	Stiy,
3	1	3	2	0	0	101	227	1066	378	-1	
4	1	3	2	1	0	226	227	929	47	-1	
5	1	3	2	1	1	226	260	8	5	19.071075	»
5	1	3	2	1	2	249	258	19	16	95.279083	she
5	1	3	2	1	3	274	256	33	16	96.892189	said,
5	1	3	2	1	4	320	255	37	14	95.671341	“can
5	1	3	2	1	5	365	250	37	17	91.617622	I...”
5	1	3	2	1	6	641	242	21	11	90.796967	on
5	1	3	2	1	7	668	236	22	16	90.796967	all
5	1	3	2	1	8	697	236	45	16	93.723518	them
5	1	3	2	1	9	750	235	69	20	95.735352	fingers!
5	1	3	2	1	10	830	235	2	16	81.361923	I
5	1	3	2	1	11	839	236	42	16	81.361923	need
5	1	3	2	1	12	886	241	42	16	96.371773	your
5	1	3	2	1	13	933	244	57	16	96.371773	expert
5	1	3	2	1	14	996	242	42	20	96.923950	hand
5	1	3	2	1	15	1040	227	42	45	75.029160	With
5	1	3	2	1	16	1088	227	27	45	30.032059	tee
5	1	3	2	1	17	1122	227	33	45	39.943985	ting
4	1	3	2	2	0	144	254	966	46	-1	
5	1	3	2	2	1	144	263	40	31	33.805916	pe
5	1	3	2	2	2	200	265	24	23	43.795418	a
5	1	3	2	2	3	240	264	8	10	0.000000	,
5	1	3	2	2	4	295	268	39	28	96.470169	honey,
5	1	3	2	2	5	358	276	79	16	96.777374	whatever
5	1	3	2	2	6	446	272	10	15	96.845238	it
5	1	3	2	2	7	466	271	18	15	96.741089	is.
5	1	3	2	2	8	498	269	1	16	88.071381	I
5	1	3	2	2	9	509	268	41	16	96.779266	have
5	1	3	2	2	10	559	269	17	12	96.961334	to
5	1	3	2	2	11	585	264	37	21	59.429634	go.”
5	1	3	2	2	12	641	267	21	15	59.429634	up
5	1	3	2	2	13	672	261	39	28	85.381882	hon.
5	1	3	2	2	14	721	260	34	29	28.629776	a
5	1	3	2	2	15	765	260	33	16	41.354557	ne
5	1	3	2	2	16	808	260	7	29	26.785217	i
5	1	3	2	2	17	824	260	55	21	96.505745	forgot
5	1	3	2	2	18	887	262	51	17	96.871223	about
5	1	3	2	2	19	948	265	27	17	96.226234	the
5	1	3	2	2	20	985	272	40	14	96.226234	nose
5	1	3	2	2	21	1030	268	32	32	49.619999	tin;
5	1	3	2	2	22	1078	254	32	34	36.287308	te
4	1	3	2	3	0	161	275	997	40	-1	
5	1	3	2	3	1	161	287	29	16	85.664734	Not
5	1	3	2	3	2	199	285	39	26	96.900047	right
5	1	3	2	3	3	247	287	38	12	96.964554	now,
5	1	3	2	3	4	298	283	50	24	96.767517	honey,
5	1	3	2	3	5	361	302	2	2	48.089046	©
5	1	3	2	3	6	396	299	9	16	72.492378	he
5	1	3	2	3	7	420	301	34	12	95.815636	wax
5	1	3	2	3	8	461	293	83	18	95.815636	Valentino
5	1	3	2	3	9	550	291	44	20	89.259201	lying
5	1	3	2	3	10	599	294	22	11	43.742012	on
5	1	3	2	3	11	641	287	57	20	74.387024	Lyssie
5	1	3	2	3	12	704	285	33	17	93.647644	laid
5	1	3	2	3	13	743	285	27	16	96.993561	the
5	1	3	2	3	14	776	288	63	18	96.846786	tracing
5	1	3	2	3	15	847	280	46	39	96.907524	paper
5	1	3	2	3	16	902	280	36	39	92.785988	over
5	1	3	2	3	17	944	290	27	17	92.785988	the
5	1	3	2	3	18	977	297	61	13	91.601196	magazi
5	1	3	2	3	19	1054	275	28	33	85.394699	gs!
5	1	3	2	3	20	1100	281	58	30	5.581757	Grampa
4	1	3	2	4	0	114	295	1032	42	-1	
5	1	3	2	4	1	114	314	65	17	93.306061	Grampa
5	1	3	2	4	2	185	311	51	18	81.696045	Lyssie
5	1	3	2	4	3	242	311	31	11	97.008286	was
5	1	3	2	4	4	278	307	70	18	93.002502	grinning
5	1	3	2	4	5	354	301	30	16	96.744278	like
5	1	3	2	4	6	390	302	24	13	97.004669	the
5	1	3	2	4	7	539	316	33	16	84.065681	ight
5	1	3	2	4	8	579	315	41	16	83.546219	have
5	1	3	2	4	9	639	312	59	17	94.363953	sketch
5	1	3	2	4	10	703	313	45	15	77.939629	outa
5	1	3	2	4	11	754	316	51	11	95.444656	scene
5	1	3	2	4	12	811	311	70	18	96.957077	featuring
5	1	3	2	4	13	898	313	27	17	96.917297	the
5	1	3	2	4	14	1003	295	56	42	0.000000	B22ine
5	1	3	2	4	15	1065	295	29	42	89.041214	and
5	1	3	2	4	16	1100	295	46	42	42.507229	began
4	1	3	2	5	0	113	310	1046	44	-1	
5	1	3	2	5	1	113	338	25	15	96.960762	the
5	1	3	2	5	2	143	336	35	16	95.362251	rack
5	1	3	2	5	3	184	333	57	18	95.362251	behind
5	1	3	2	5	4	247	331	36	16	96.518936	him.
5	1	3	2	5	5	290	325	89	20	96.785530	“Reverend
5	1	3	2	5	6	387	322	58	29	96.915077	Woods
5	1	3	2	5	7	451	324	37	16	95.850258	says
5	1	3	2	5	8	495	319	19	16	96.917519	he
5	1	3	2	5	9	521	321	45	24	91.101105	might
5	1	3	2	5	10	590	320	9	11	91.101105	ha
5	1	3	2	5	11	650	337	37	17	18.857491	Tk
5	1	3	2	5	12	743	339	6	13	55.282173	i
5	1	3	2	5	13	812	336	22	17	56.835957	ith
5	1	3	2	5	14	900	312	28	33	96.828285	the
5	1	3	2	5	15	931	320	66	15	94.685196	woman
5	1	3	2	5	16	1002	322	32	15	94.685196	and
5	1	3	2	5	17	1039	328	9	11	96.236359	a
5	1	3	2	5	18	1053	324	73	26	76.521141	bunch
5	1	3	2	5	19	1134	337	2	3	78.141167	of
5	1	3	2	5	20	1142	310	17	32	92.909424	to
4	1	3	2	6	0	112	332	1050	55	-1	
5	1	3	2	6	1	112	366	42	12	95.990768	some
5	1	3	2	6	2	162	360	42	16	96.779060	work
5	1	3	2	6	3	213	358	24	16	96.684219	for
5	1	3	2	6	4	244	356	40	17	96.073280	me.”
5	1	3	2	6	5	292	354	22	16	96.073280	He
5	1	3	2	6	6	322	353	48	15	96.640381	threw
5	1	3	2	6	7	377	354	21	12	95.910782	on
5	1	3	2	6	8	407	349	24	15	96.964279	his
5	1	3	2	6	9	438	345	81	19	95.179245	corduroy
5	1	3	2	6	10	525	341	55	22	95.179245	jacket
5	1	3	2	6	11	587	339	33	17	67.586441	and
5	1	3	2	6	12	639	343	9	11	86.339722	el
5	1	3	2	6	13	665	342	36	37	0.000000	at'h
5	1	3	2	6	14	714	334	18	53	60.078209	os
5	1	3	2	6	15	744	334	46	53	43.555801	dea
5	1	3	2	6	16	811	339	36	40	0.000000	ae
5	1	3	2	6	17	855	334	58	53	0.000000	Ctee
5	1	3	2	6	18	929	344	81	38	9.383682	a
5	1	3	2	6	19	1124	332	38	35	85.433861	little
4	1	3	2	7	0	110	370	1052	63	-1	
5	1	3	2	7	1	110	378	29	55	27.183899	bas
5	1	3	2	7	2	156	378	28	55	43.139732	che
5	1	3	2	7	3	211	378	71	55	36.431931	hee
5	1	3	2	7	4	638	389	61	19	96.510429	want,”
5	1	3	2	7	5	705	388	37	17	96.251785	said
5	1	3	2	7	6	748	388	57	16	96.941208	Claire
5	1	3	2	7	7	948	372	17	12	57.668121	re
5	1	3	2	7	8	971	370	32	16	88.796028	and
5	1	3	2	7	9	1009	376	27	16	96.522392	get
5	1	3	2	7	10	1042	375	26	17	93.334534	the
5	1	3	2	7	11	1074	382	41	20	76.797592	TINS
5	1	3	2	7	12	1120	384	13	18	93.110069	if
5	1	3	2	7	13	1135	392	27	16	77.619553	you,
4	1	3	2	8	0	235	414	845	38	-1	
5	1	3	2	8	1	235	414	28	38	31.550797	And
5	1	3	2	8	2	272	418	27	28	78.693359	bac
5	1	3	2	8	3	340	425	53	18	60.074364	uatted
5	1	3	2	8	4	399	421	104	20	91.694168	down—still
5	1	3	2	8	5	510	419	73	20	96.752296	smiling,
5	1	3	2	8	6	590	417	28	17	96.610962	but
5	1	3	2	8	7	667	415	45	17	96.830185	“Are
5	1	3	2	8	8	719	419	35	17	96.942978	you
5	1	3	2	8	9	761	419	45	15	96.813805	sure,
5	1	3	2	8	10	813	414	45	18	96.464546	hon?
5	1	3	2	8	11	864	415	29	18	95.022781	It’s
5	1	3	2	8	12	900	416	62	19	94.907471	almost
5	1	3	2	8	13	968	424	10	12	95.568222	a
5	1	3	2	8	14	985	422	54	18	84.871437	mile.”
5	1	3	2	8	15	1077	429	3	3	13.613419	Cjy;
4	1	3	2	9	0	107	423	1059	60	-1	
5	1	3	2	9	1	107	465	20	11	0.000000	e
5	1	3	2	9	2	124	426	80	57	40.553623	howe
5	1	3	2	9	3	208	433	61	40	30.380081	ae
5	1	3	2	9	4	275	458	15	13	22.585075	a9
5	1	3	2	9	5	294	429	73	41	7.066345	pH
5	1	3	2	9	6	372	449	71	17	50.212097	“What's
5	1	3	2	9	7	448	452	59	23	48.609467	wrong.
5	1	3	2	9	8	509	425	109	54	51.299637	Clairebell?”
5	1	3	2	9	9	636	441	33	18	96.756279	and
5	1	3	2	9	10	677	441	44	17	95.391037	after
5	1	3	2	9	11	728	446	9	11	95.391037	a
5	1	3	2	9	12	746	433	86	45	96.127754	moments
5	1	3	2	9	13	839	441	89	19	95.790787	reflection
5	1	3	2	9	14	936	444	74	24	96.453842	Grampa
5	1	3	2	9	15	1017	426	43	45	23.687065	oe
5	1	3	2	9	16	1061	423	105	59	18.083961	Eee
4	1	3	2	10	0	140	464	1024	37	-1	
5	1	3	2	10	1	140	485	34	15	45.525490	“q...
5	1	3	2	10	2	184	483	40	18	96.873604	well,
5	1	3	2	10	3	237	482	1	16	84.542152	I
5	1	3	2	10	4	247	486	32	11	95.972450	was
5	1	3	2	10	5	288	479	58	21	96.954903	hoping
5	1	3	2	10	6	354	476	57	21	96.728569	maybe
5	1	3	2	10	7	420	476	6	16	92.146317	I
5	1	3	2	10	8	434	473	49	18	96.938690	could
5	1	3	2	10	9	492	474	38	15	96.909096	visit
5	1	3	2	10	10	538	472	79	16	96.971191	Gramma
5	1	3	2	10	11	636	468	50	17	94.844193	what.
5	1	3	2	10	12	694	467	45	21	95.591644	Why
5	1	3	2	10	13	745	467	36	29	90.629921	don’t
5	1	3	2	10	14	801	467	8	17	88.104492	I
5	1	3	2	10	15	816	472	40	17	88.104492	give
5	1	3	2	10	16	862	473	35	16	96.969139	you
5	1	3	2	10	17	903	474	49	13	96.954926	some
5	1	3	2	10	18	958	476	62	19	96.925911	money
5	1	3	2	10	19	1026	478	32	16	96.783722	and
5	1	3	2	10	20	1064	484	31	16	96.461357	you
5	1	3	2	10	21	1137	464	27	33	79.660706	you
4	1	3	2	11	0	100	483	1028	48	-1	
5	1	3	2	11	1	100	492	99	38	0.000000	Scant”
5	1	3	2	11	2	636	500	27	12	96.293510	me
5	1	3	2	11	3	669	499	23	17	96.293510	up
5	1	3	2	11	4	699	499	49	24	93.270203	some
5	1	3	2	11	5	756	497	99	18	92.771164	rings—get
5	1	3	2	11	6	861	494	28	18	96.882080	the
5	1	3	2	11	7	895	496	55	22	96.882080	cheap
5	1	3	2	11	8	956	503	48	17	96.691452	ones,
5	1	3	2	11	9	1010	500	29	19	96.691452	but
5	1	3	2	11	10	1044	485	39	46	54.420151	only
5	1	3	2	11	11	1089	483	39	46	26.506836	Pica
4	1	3	2	12	0	126	510	1043	47	-1	
5	1	3	2	12	1	126	535	32	15	83.393997	The
5	1	3	2	12	2	164	533	61	17	96.978912	twisted
5	1	3	2	12	3	231	532	46	16	96.958572	smile
5	1	3	2	12	4	282	531	64	16	96.928497	became
5	1	3	2	12	5	352	534	9	11	96.891335	a
5	1	3	2	12	6	367	528	76	21	96.802757	grimace,
5	1	3	2	12	7	450	526	34	17	96.884972	hurt
5	1	3	2	12	8	490	524	32	18	96.680817	and
5	1	3	2	12	9	528	523	87	18	96.213272	confused.
5	1	3	2	12	10	636	521	35	17	96.823944	find
5	1	3	2	12	11	676	521	47	17	96.628876	them
5	1	3	2	12	12	729	526	17	11	93.306129	in
5	1	3	2	12	13	751	520	93	22	83.189606	gold...the
5	1	3	2	12	14	849	526	42	13	94.889946	nose
5	1	3	2	12	15	896	522	45	22	94.162689	rings
5	1	3	2	12	16	947	524	59	22	93.835129	that
5	1	3	2	12	17	986	516	23	34	93.172050	is;
5	1	3	2	12	18	1008	521	27	36	96.972923	the
5	1	3	2	12	19	1044	521	51	36	96.857216	finger
5	1	3	2	12	20	1106	510	28	32	92.472687	You
5	1	3	2	12	21	1142	510	27	32	95.134148	can
4	1	3	2	13	0	102	536	1065	46	-1	
5	1	3	2	13	1	102	560	52	18	96.638603	“Now,
5	1	3	2	13	2	161	559	35	20	96.966652	why
5	1	3	2	13	3	201	563	32	16	96.531143	you
5	1	3	2	13	4	239	561	54	12	95.717453	wanna
5	1	3	2	13	5	299	561	18	16	95.717453	go
5	1	3	2	13	6	324	555	31	22	96.131714	and
5	1	3	2	13	7	360	554	22	17	96.442749	do
5	1	3	2	13	8	388	553	42	17	96.442749	that?
5	1	3	2	13	9	436	552	32	17	92.340111	She
5	1	3	2	13	10	473	552	42	16	91.973480	ain’t
5	1	3	2	13	11	521	555	50	12	95.910873	never
5	1	3	2	13	12	576	550	40	16	87.180557	took
5	1	3	2	13	13	635	548	20	17	66.824280	be
5	1	3	2	13	14	664	547	145	17	92.834915	whatever—and
5	1	3	2	13	15	818	547	27	17	28.648758	I’Il
5	1	3	2	13	16	854	548	54	17	97.004471	throw
5	1	3	2	13	17	917	549	17	17	96.744888	in
5	1	3	2	13	18	943	555	22	13	96.471306	an
5	1	3	2	13	19	972	555	47	15	96.866928	extra
5	1	3	2	13	20	1027	551	53	30	70.129051	nickel
5	1	3	2	13	21	1088	536	32	46	39.013714	fis
5	1	3	2	13	22	1117	539	50	43	23.674866	pis
4	1	3	2	14	0	101	563	1066	46	-1	
5	1	3	2	14	1	101	586	24	15	96.961777	the
5	1	3	2	14	2	132	585	36	15	96.885506	time
5	1	3	2	14	3	174	587	16	13	95.100014	to
5	1	3	2	14	4	196	588	46	12	95.100014	come
5	1	3	2	14	5	249	583	36	16	96.369598	here
5	1	3	2	14	6	290	581	31	17	96.811378	and
5	1	3	2	14	7	328	580	36	17	96.848289	visit
5	1	3	2	14	8	370	579	49	22	96.348183	you.”
5	1	3	2	14	9	634	575	33	20	96.598999	Oh,
5	1	3	2	14	10	673	574	34	17	96.839073	and
5	1	3	2	14	11	712	577	30	19	97.004250	get
5	1	3	2	14	12	747	579	50	12	96.975449	some
5	1	3	2	14	13	803	579	48	13	96.818932	more
5	1	3	2	14	14	856	575	49	17	96.811378	scarf
5	1	3	2	14	15	907	577	77	18	93.279198	material
5	1	3	2	14	16	990	582	83	18	90.477638	too—and
5	1	3	2	14	17	1075	563	92	46	6.675629	waren
3	1	3	3	0	0	127	591	1044	44	-1	
4	1	3	3	1	0	127	591	1044	44	-1	
5	1	3	3	1	1	127	611	38	15	95.500969	“But
5	1	3	3	1	2	173	610	4	15	84.199242	I
5	1	3	3	1	3	185	609	64	16	91.603775	haven’t
5	1	3	3	1	4	255	613	37	11	95.300911	seen
5	1	3	3	1	5	300	608	27	16	96.113266	her
5	1	3	3	1	6	333	607	15	16	94.485489	in
5	1	3	3	1	7	355	611	19	12	94.485489	so
5	1	3	3	1	8	381	606	44	20	96.569733	long,
5	1	3	3	1	9	433	605	58	21	96.921562	Pappy.
5	1	3	3	1	10	499	603	73	18	91.209625	Please.”
5	1	3	3	1	11	633	607	42	12	96.684349	cane
5	1	3	3	1	12	682	607	43	11	96.971024	wax.
5	1	3	3	1	13	733	601	40	17	96.808388	And
5	1	3	3	1	14	779	606	30	12	96.730156	see
5	1	3	3	1	15	816	601	16	17	96.200493	if
5	1	3	3	1	16	835	602	42	17	93.304253	Mrs.
5	1	3	3	1	17	884	602	88	23	49.900631	Stieger’Il
5	1	3	3	1	18	978	609	30	18	96.261391	put
5	1	3	3	1	19	1014	607	16	18	96.261391	in
5	1	3	3	1	20	1032	605	20	30	96.364548	an
5	1	3	3	1	21	1061	605	44	30	95.898956	order
5	1	3	3	1	22	1112	605	13	30	36.095470	fi
5	1	3	3	1	23	1123	591	48	44	18.381104	eee
3	1	3	4	0	0	48	613	1124	193	-1	
4	1	3	4	1	0	122	613	1048	43	-1	
5	1	3	4	1	1	122	636	50	20	95.865219	“Why
5	1	3	4	1	2	177	640	32	16	96.874313	you
5	1	3	4	1	3	215	639	55	11	90.376373	wanna
5	1	3	4	1	4	277	639	26	11	90.009003	see
5	1	3	4	1	5	309	633	32	16	96.744225	that
5	1	3	4	1	6	347	632	27	17	96.845970	old
5	1	3	4	1	7	380	632	42	21	96.845970	bag?
5	1	3	4	1	8	428	631	32	17	93.302261	She
5	1	3	4	1	9	467	631	41	17	41.440231	ain’t
5	1	3	4	1	10	513	635	43	12	41.440231	even
5	1	3	4	1	11	563	633	50	14	67.448448	wrote
5	1	3	4	1	12	632	634	10	12	67.448448	a
5	1	3	4	1	13	649	628	59	22	96.155571	pound
5	1	3	4	1	14	715	628	23	17	93.292786	of
5	1	3	4	1	15	742	628	106	18	93.134575	ozokerite.”
5	1	3	4	1	16	1119	613	16	40	74.638992	or
5	1	3	4	1	17	1141	613	29	40	93.264717	half
4	1	3	4	2	0	96	655	1056	32	-1	
5	1	3	4	2	1	96	661	46	20	92.745750	you.”
5	1	3	4	2	2	146	661	52	16	91.134811	Claire
5	1	3	4	2	3	203	661	46	16	91.134811	knew
5	1	3	4	2	4	253	660	31	16	96.925377	that
5	1	3	4	2	5	289	664	32	11	77.814224	was
5	1	3	4	2	6	326	664	9	11	77.814224	a
5	1	3	4	2	7	341	659	25	16	89.576401	lie.
5	1	3	4	2	8	372	658	51	17	30.560158	She'd
5	1	3	4	2	9	428	658	53	17	75.563637	fished
5	1	3	4	2	10	485	663	10	11	75.563637	a
5	1	3	4	2	11	500	657	54	17	92.928780	dozen
5	1	3	4	2	12	559	657	54	17	30.999084	letters
5	1	3	4	2	13	661	655	76	22	74.525940	Grampa
5	1	3	4	2	14	744	655	61	22	90.802544	Lyssie
5	1	3	4	2	15	811	655	69	18	95.881210	handed
5	1	3	4	2	16	886	656	31	18	95.881210	her
5	1	3	4	2	17	922	662	11	13	96.586220	a
5	1	3	4	2	18	939	657	37	19	96.793976	five
5	1	3	4	2	19	982	663	40	15	96.517212	note
5	1	3	4	2	20	1028	663	33	17	96.865036	and
5	1	3	4	2	21	1066	669	43	14	96.599945	went
5	1	3	4	2	22	1114	667	38	20	96.971779	back
4	1	3	4	3	0	95	674	1074	40	-1	
5	1	3	4	3	1	95	690	28	13	93.695312	out
5	1	3	4	3	2	127	686	20	17	96.811058	of
5	1	3	4	3	3	149	686	25	17	96.811058	the
5	1	3	4	3	4	179	686	42	16	95.972565	trash
5	1	3	4	3	5	226	686	30	16	96.416855	and
5	1	3	4	3	6	261	685	21	17	93.850731	all
5	1	3	4	3	7	287	685	21	16	95.289589	of
5	1	3	4	3	8	310	685	42	16	95.289589	them
5	1	3	4	3	9	358	684	50	17	95.597649	asked
5	1	3	4	3	10	413	684	50	17	96.098808	about
5	1	3	4	3	11	468	684	32	16	95.795654	her.
5	1	3	4	3	12	507	683	105	20	96.122208	Sometimes,
5	1	3	4	3	13	632	682	96	22	84.586266	scratching
5	1	3	4	3	14	738	682	44	18	96.965096	lines
5	1	3	4	3	15	790	687	23	13	96.999008	on
5	1	3	4	3	16	821	683	29	17	96.999008	the
5	1	3	4	3	17	857	683	54	18	96.869629	onion
5	1	3	4	3	18	920	684	38	18	96.818336	leaf
5	1	3	4	3	19	962	691	56	17	96.781837	paper.
5	1	3	4	3	20	1027	689	65	22	93.290489	“Bye-bye
5	1	3	4	3	21	1118	694	33	20	80.158554	Clai
5	1	3	4	3	22	1156	674	13	15	0.000000	S
4	1	3	4	4	0	94	697	1076	35	-1	
5	1	3	4	4	1	94	712	28	16	96.809471	she
5	1	3	4	4	2	128	717	40	11	96.809471	even
5	1	3	4	4	3	174	715	35	13	89.397896	sent
5	1	3	4	4	4	215	717	10	11	89.397896	a
5	1	3	4	4	5	231	711	45	17	96.948639	dried
5	1	3	4	4	6	283	711	35	17	95.487198	leaf
5	1	3	4	4	7	321	716	19	11	94.532379	or
5	1	3	4	4	8	345	716	10	11	94.532379	a
5	1	3	4	4	9	361	710	84	17	96.714218	Canadian
5	1	3	4	4	10	452	715	56	17	96.545204	penny
5	1	3	4	4	11	514	715	18	12	96.492912	as
5	1	3	4	4	12	536	705	9	31	96.492912	a
5	1	3	4	4	13	556	710	32	21	91.292389	gift
5	1	3	4	4	14	596	713	16	14	77.713783	to
5	1	3	4	4	15	631	709	50	22	77.713783	hurry
5	1	3	4	4	16	688	709	46	18	95.971878	back
5	1	3	4	4	17	739	709	53	18	95.971878	hon.”
5	1	3	4	4	18	1091	697	11	17	0.000000	.
5	1	3	4	4	19	1152	703	18	16	82.003166	re,
4	1	3	4	5	0	93	736	977	22	-1	
5	1	3	4	5	1	93	737	56	17	95.521027	Claire.
5	1	3	4	5	2	155	737	70	21	93.241249	Grampa
5	1	3	4	5	3	231	737	69	21	89.315445	Lyssie’s
5	1	3	4	5	4	306	737	50	17	96.910660	lower
5	1	3	4	5	5	361	737	23	21	96.722534	lip
5	1	3	4	5	6	390	737	56	16	38.064316	tuned
5	1	3	4	5	7	452	737	55	20	96.850685	down,
5	1	3	4	5	8	514	737	64	21	95.603699	pulling
5	1	3	4	5	9	585	737	26	17	96.983032	the
5	1	3	4	5	10	664	736	54	22	96.740036	“Bye,
5	1	3	4	5	11	726	736	94	18	95.864365	Grampa.”
5	1	3	4	5	12	828	737	34	18	95.864365	She
5	1	3	4	5	13	870	739	57	17	96.984741	stared
5	1	3	4	5	14	934	739	25	18	86.300858	doy
5	1	3	4	5	15	1066	744	4	3	79.261436	i
4	1	3	4	6	0	48	742	1124	68	-1	
5	1	3	4	6	1	48	768	93	37	15.341522	weer
5	1	3	4	6	2	147	746	22	64	52.578770	lip
5	1	3	4	6	3	180	746	53	64	52.578770	witht
5	1	3	4	6	4	244	746	48	64	58.373569	which
5	1	3	4	6	5	296	763	19	29	82.932610	in
5	1	3	4	6	6	322	766	35	14	77.953491	tun
5	1	3	4	6	7	346	746	11	64	62.003986	n
5	1	3	4	6	8	362	746	59	64	46.751411	piled
5	1	3	4	6	9	428	763	25	17	96.758308	his
5	1	3	4	6	10	461	769	41	12	94.194725	nose
5	1	3	4	6	11	509	764	101	20	94.534248	downward,
5	1	3	4	6	12	630	763	73	22	94.039955	through
5	1	3	4	6	13	710	763	28	18	96.602562	the
5	1	3	4	6	14	746	742	57	39	18.073822	Sas
5	1	3	4	6	15	958	745	30	13	44.398380	yn
5	1	3	4	6	16	994	744	18	15	93.450897	at
5	1	3	4	6	17	1019	742	28	18	82.534332	the
5	1	3	4	6	18	1054	743	29	19	65.231598	bil
5	1	3	4	6	19	1090	751	18	13	48.623573	sa
5	1	3	4	6	20	1114	747	27	19	48.623573	sts
5	1	3	4	6	21	1148	750	24	18	59.865417	lef
3	1	3	5	0	0	118	790	1046	20	-1	
4	1	3	5	1	0	118	790	1046	20	-1	
5	1	3	5	1	1	118	794	42	16	76.086945	wing
5	1	3	5	1	2	177	794	13	12	96.106697	his
5	1	3	5	1	3	196	794	52	11	96.106697	whole
5	1	3	5	1	4	261	794	28	12	95.885864	face
5	1	3	5	1	5	296	792	32	14	93.955780	into
5	1	3	5	1	6	333	794	10	12	93.955780	a
5	1	3	5	1	7	375	795	31	11	96.215294	frown.
5	1	3	5	1	8	678	790	38	18	96.614876	The
5	1	3	5	1	9	728	791	49	18	96.483742	back
5	1	3	5	1	10	788	797	52	13	96.768478	room
5	1	3	5	1	11	852	793	25	17	51.769772	hoi
5	1	3	5	1	12	1161	804	3	3	35.027069	i.
3	1	3	6	0	0	113	790	1059	59	-1	
4	1	3	6	1	0	113	790	1059	59	-1	
5	1	3	6	1	1	113	809	55	39	96.755722	Claire
5	1	3	6	1	2	175	815	68	20	96.825256	nodded,
5	1	3	6	1	3	250	815	28	17	96.355965	but
5	1	3	6	1	4	283	816	52	16	95.843307	added
5	1	3	6	1	5	342	816	58	16	95.275116	“What
5	1	3	6	1	6	407	816	16	17	96.774048	if
5	1	3	6	1	7	426	816	44	17	96.516335	she’s
5	1	3	6	1	8	477	817	42	20	96.556122	sick,
5	1	3	6	1	9	526	817	72	22	88.508812	Pappy.”
5	1	3	6	1	10	615	811	7	34	7.158554	—
5	1	3	6	1	11	629	818	114	18	77.529396	Princess—a
5	1	3	6	1	12	749	819	33	22	95.768219	girl
5	1	3	6	1	13	789	820	61	18	96.144882	turned
5	1	3	6	1	14	852	790	78	58	34.748421	pat
5	1	3	6	1	15	932	791	42	58	17.546082	Bs
5	1	3	6	1	16	978	795	194	50	26.797745	ee
3	1	3	7	0	0	85	827	1092	147	-1	
4	1	3	7	1	0	118	827	1055	53	-1	
5	1	3	7	1	1	118	841	51	16	96.745193	Claire
5	1	3	7	1	2	176	841	53	21	96.745193	hoped
5	1	3	7	1	3	236	845	16	13	96.987000	to
5	1	3	7	1	4	259	847	70	12	96.715561	uncover
5	1	3	7	1	5	334	847	10	12	96.608009	a
5	1	3	7	1	6	352	843	34	16	96.888580	hint
5	1	3	7	1	7	392	843	22	17	96.977554	of
5	1	3	7	1	8	418	844	91	21	96.232567	sympathy.
5	1	3	7	1	9	516	844	36	17	96.907745	The
5	1	3	7	1	10	559	845	51	17	69.215355	result
5	1	3	7	1	11	628	846	31	17	45.960842	she
5	1	3	7	1	12	666	846	40	18	95.259705	died
5	1	3	7	1	13	714	849	36	15	96.958046	two
5	1	3	7	1	14	757	847	79	19	95.574402	hundred
5	1	3	7	1	15	843	854	51	17	95.574402	years
5	1	3	7	1	16	900	856	36	12	96.653313	ago
5	1	3	7	1	17	943	851	27	19	96.707703	fro
5	1	3	7	1	18	992	827	62	53	0.000000	paa
5	1	3	7	1	19	1107	830	66	19	69.469910	=
4	1	3	7	2	0	88	851	1087	54	-1	
5	1	3	7	2	1	88	871	32	12	95.535118	was
5	1	3	7	2	2	127	867	86	22	95.535118	confusing
5	1	3	7	2	3	221	871	15	13	96.414879	at
5	1	3	7	2	4	245	868	38	17	95.856087	first.
5	1	3	7	2	5	293	869	69	22	95.856087	Grampa
5	1	3	7	2	6	371	870	58	17	96.976273	turned
5	1	3	7	2	7	437	870	26	17	96.986977	his
5	1	3	7	2	8	472	871	47	20	96.983078	head,
5	1	3	7	2	9	528	872	55	21	94.653679	trying
5	1	3	7	2	10	592	875	17	14	44.945759	to
5	1	3	7	2	11	628	874	48	18	81.520599	lover,
5	1	3	7	2	12	689	880	10	12	96.520401	a
5	1	3	7	2	13	708	875	76	19	95.522476	Hessian
5	1	3	7	2	14	837	878	24	18	95.344795	ral,
5	1	3	7	2	15	875	879	5	17	94.128220	|
5	1	3	7	2	16	911	856	12	17	0.000000	r
5	1	3	7	2	17	971	858	32	27	21.523003	aa
5	1	3	7	2	18	1055	851	41	54	25.702446	ee
5	1	3	7	2	19	1100	857	75	20	23.367729	ag
4	1	3	7	3	0	86	879	1089	43	-1	
5	1	3	7	3	1	86	892	50	17	95.566727	choke
5	1	3	7	3	2	143	893	39	17	96.956192	back
5	1	3	7	3	3	188	899	9	11	96.789566	a
5	1	3	7	3	4	203	894	35	17	96.653381	sob.
5	1	3	7	3	5	245	895	53	17	96.653381	Claire
5	1	3	7	3	6	303	898	28	19	96.905579	put
5	1	3	7	3	7	337	901	10	11	96.561089	a
5	1	3	7	3	8	352	896	43	17	95.301636	hand
5	1	3	7	3	9	401	901	41	13	95.301636	over
5	1	3	7	3	10	448	897	29	17	96.856918	her
5	1	3	7	3	11	482	898	58	17	96.611389	mouth
5	1	3	7	3	12	546	904	18	12	96.611389	as
5	1	3	7	3	13	572	899	12	17	92.759186	if
5	1	3	7	3	14	592	902	16	15	91.800842	to
5	1	3	7	3	15	628	889	53	31	89.630814	never
5	1	3	7	3	16	704	904	34	18	63.208420	ked
5	1	3	7	3	17	744	904	16	18	91.962975	G
5	1	3	7	3	18	791	882	84	28	28.575180	ec
5	1	3	7	3	19	882	879	26	32	17.021706	fF
5	1	3	7	3	20	914	879	32	19	6.991692	ir
5	1	3	7	3	21	979	882	68	19	33.503677	sae
5	1	3	7	3	22	1054	883	87	24	15.523224	aaa
4	1	3	7	4	0	86	902	1090	53	-1	
5	1	3	7	4	1	86	921	34	19	91.686394	Stop
5	1	3	7	4	2	124	919	24	17	96.951172	the
5	1	3	7	4	3	153	920	51	17	96.495796	words
5	1	3	7	4	4	208	926	40	11	96.774643	even
5	1	3	7	4	5	253	921	58	22	93.289383	though
5	1	3	7	4	6	316	922	55	22	89.526306	they’d
5	1	3	7	4	7	375	923	65	22	96.732338	already
5	1	3	7	4	8	444	929	48	13	96.366608	come
5	1	3	7	4	9	497	928	33	15	96.366608	out.
5	1	3	7	4	10	536	926	72	23	54.947414	Grampa
5	1	3	7	4	11	627	930	21	17	54.947414	he:
5	1	3	7	4	12	659	905	50	50	20.442459	dae
5	1	3	7	4	13	762	910	60	18	36.010300	pa
5	1	3	7	4	14	827	902	60	42	74.963539	Lyssie
5	1	3	7	4	15	893	904	51	40	90.618393	ifshe
5	1	3	7	4	16	949	915	37	13	96.535339	was
5	1	3	7	4	17	991	911	35	18	95.605621	real
5	1	3	7	4	18	1031	917	20	12	94.609932	or
5	1	3	7	4	19	1056	912	16	18	59.422287	if
5	1	3	7	4	20	1073	912	40	19	59.422287	he’d
5	1	3	7	4	21	1117	915	59	18	96.037895	molded
4	1	3	7	5	0	85	932	1092	42	-1	
5	1	3	7	5	1	85	945	56	17	96.875687	started
5	1	3	7	5	2	147	946	75	22	95.623505	bawling,
5	1	3	7	5	3	229	947	24	17	96.702995	his
5	1	3	7	5	4	260	952	46	18	96.986588	squat
5	1	3	7	5	5	313	950	55	17	86.428925	turned
5	1	3	7	5	6	376	950	34	18	96.770340	into
5	1	3	7	5	7	417	951	69	23	93.585831	rocking.
5	1	3	7	5	8	499	952	33	18	94.996254	She
5	1	3	7	5	9	540	953	67	19	75.054726	hugged
5	1	3	7	5	10	634	936	23	24	75.054726	like
5	1	3	7	5	11	707	946	5	6	31.010918	Gas?
5	1	3	7	5	12	721	932	82	36	90.679398	splotchy
5	1	3	7	5	13	812	934	39	19	95.704651	skin
5	1	3	7	5	14	859	936	43	18	96.967163	with
5	1	3	7	5	15	910	936	27	19	96.784805	his
5	1	3	7	5	16	946	943	41	13	95.574669	own
5	1	3	7	5	17	995	939	60	19	94.871567	hands.
5	1	3	7	5	18	1063	940	15	19	75.245621	It
5	1	3	7	5	19	1084	941	52	19	75.245621	didn’t
5	1	3	7	5	20	1143	943	34	18	96.043854	look
3	1	3	8	0	0	487	958	690	33	-1	
4	1	3	8	1	0	487	958	690	33	-1	
5	1	3	8	1	1	487	966	4	3	1.508522	houldene
5	1	3	8	1	2	627	958	34	18	37.540051	like
5	1	3	8	1	3	668	959	95	24	86.384941	Grampa’s
5	1	3	8	1	4	770	962	55	22	96.912476	work,
5	1	3	8	1	5	833	963	73	25	96.248856	though.
5	1	3	8	1	6	914	965	79	25	95.692719	Grampa
5	1	3	8	1	7	998	968	67	23	96.911484	always
5	1	3	8	1	8	1071	970	66	18	96.349205	worked
5	1	3	8	1	9	1143	970	34	19	96.001854	hard
2	1	4	0	0	0	84	971	1091	61	-1	
3	1	4	1	0	0	84	971	1091	61	-1	
4	1	4	1	1	0	84	971	452	27	-1	
5	1	4	1	1	1	84	971	37	21	96.999382	him,
5	1	4	1	1	2	126	973	31	16	95.991158	and
5	1	4	1	1	3	163	973	21	17	95.991158	let
5	1	4	1	1	4	190	974	28	17	96.908669	her
5	1	4	1	1	5	224	978	40	14	95.199738	tears
5	1	4	1	1	6	270	979	31	13	96.989563	wet
5	1	4	1	1	7	307	976	25	17	93.303841	his
5	1	4	1	1	8	338	977	130	19	93.121086	suede-covered
5	1	4	1	1	9	475	980	61	18	93.190216	should
4	1	4	1	2	0	151	976	1024	41	-1	
5	1	4	1	2	1	151	999	3	2	86.713760	d
5	1	4	1	2	2	532	976	36	33	54.505596	lers.
5	1	4	1	2	3	720	988	4	3	83.573158	i
5	1	4	1	2	4	877	993	3	3	88.116982	i
5	1	4	1	2	5	961	995	4	3	84.712204	i
5	1	4	1	2	6	1019	996	3	3	91.426880	i
5	1	4	1	2	7	1123	1001	52	16	87.004631	matter.
4	1	4	1	3	0	110	987	1009	45	-1	
5	1	4	1	3	1	110	998	99	22	91.050507	“Clairebell,
5	1	4	1	3	2	217	1001	43	17	96.470810	she’s
5	1	4	1	3	3	266	1002	52	23	96.931503	trying
5	1	4	1	3	4	325	1006	16	15	95.453407	to
5	1	4	1	3	5	348	1004	37	17	95.453407	take
5	1	4	1	3	6	391	1010	34	17	96.855980	you
5	1	4	1	3	7	432	1005	43	19	96.632149	from
5	1	4	1	3	8	482	1013	27	12	96.208221	me
5	1	4	1	3	9	516	1008	49	19	96.327858	don’t
5	1	4	1	3	10	571	1015	34	17	96.833206	you
5	1	4	1	3	11	626	987	74	18	5.310608	adeeb
5	1	4	1	3	12	741	989	169	23	17.818497	eas}
5	1	4	1	3	13	907	983	11	59	29.387344	2
5	1	4	1	3	14	984	995	135	23	14.398308	a
2	1	5	0	0	0	80	1024	525	91	-1	
3	1	5	1	0	0	81	1024	475	28	-1	
4	1	5	1	1	0	81	1024	475	28	-1	
5	1	5	1	1	1	81	1024	37	17	74.086823	see?
5	1	5	1	1	2	125	1025	31	18	96.941284	She
5	1	5	1	1	3	163	1027	39	17	95.120178	took
5	1	5	1	1	4	209	1033	27	16	95.120178	my
5	1	5	1	1	5	244	1029	43	17	96.731049	heart
5	1	5	1	1	6	295	1031	31	16	96.731049	and
5	1	5	1	1	7	334	1032	36	17	95.038918	soul,
5	1	5	1	1	8	384	1033	32	17	96.814346	and
5	1	5	1	1	9	424	1039	39	13	96.841522	now
5	1	5	1	1	10	503	1036	4	7	67.179642	she’,
5	1	5	1	1	11	553	1037	3	3	73.571075	i
3	1	5	2	0	0	80	1035	525	80	-1	
4	1	5	2	1	0	237	1035	368	24	-1	
5	1	5	2	1	1	237	1055	3	3	44.381721	i
5	1	5	2	1	2	372	1046	4	6	66.587799	;
5	1	5	2	1	3	471	1035	45	19	96.520103	she’s
5	1	5	2	1	4	525	1039	43	20	96.288284	trying
5	1	5	2	1	5	589	1041	16	16	96.953186	to
4	1	5	2	2	0	80	1043	525	56	-1	
5	1	5	2	2	1	80	1046	98	53	18.513504	erent
5	1	5	2	2	2	190	1046	41	53	55.933601	cans
5	1	5	2	2	3	231	1051	21	30	96.883881	in
5	1	5	2	2	4	253	1052	32	38	96.374802	the
5	1	5	2	2	5	288	1058	55	18	93.306068	world.
5	1	5	2	2	6	348	1059	95	24	89.751442	Clairebell,
5	1	5	2	2	7	448	1068	35	16	93.864777	you
5	1	5	2	2	8	488	1064	51	18	93.864777	know
5	1	5	2	2	9	544	1043	61	45	39.672333	dt
4	1	5	2	3	0	80	1078	509	37	-1	
5	1	5	2	3	1	80	1081	27	17	96.695099	my
5	1	5	2	3	2	124	1078	21	18	96.695099	life.”
5	1	5	2	3	3	161	1079	25	18	96.937019	He
5	1	5	2	3	4	192	1082	53	21	96.249741	wiped
5	1	5	2	3	5	252	1083	24	18	96.992477	his
5	1	5	2	3	6	283	1087	45	19	96.982178	tears,
5	1	5	2	3	7	336	1086	28	18	96.932961	but
5	1	5	2	3	8	370	1087	55	19	96.874062	Claire
5	1	5	2	3	9	432	1089	55	20	96.371368	didn’t
5	1	5	2	3	10	494	1092	44	23	95.823875	wipe
5	1	5	2	3	11	545	1094	44	19	95.823875	hers.
2	1	6	0	0	0	294	75	146	50	-1	
3	1	6	1	0	0	294	75	146	50	-1	
4	1	6	1	1	0	294	75	113	29	-1	
5	1	6	1	1	1	294	87	24	17	96.213486	ing
5	1	6	1	1	2	326	84	22	15	94.006210	for
5	1	6	1	1	3	354	82	25	15	94.006210	the
5	1	6	1	1	4	386	75	21	27	73.311829	Vet
4	1	6	1	2	0	296	102	144	23	-1	
5	1	6	1	2	1	296	110	25	15	95.770859	but
5	1	6	1	2	2	329	105	44	18	39.575340	she'd
5	1	6	1	2	3	381	104	39	15	91.997841	been
5	1	6	1	2	4	427	102	13	14	94.346603	st
2	1	7	0	0	0	124	87	372	60	-1	
3	1	7	1	0	0	124	87	372	60	-1	
4	1	7	1	1	0	124	87	168	31	-1	
5	1	7	1	1	1	124	97	28	21	62.946526	job
5	1	7	1	1	2	157	93	69	19	88.859367	—maybe
5	1	7	1	1	3	232	87	60	18	92.237091	somethi
4	1	7	1	2	0	356	116	140	31	-1	
5	1	7	1	2	1	356	128	43	19	92.666626	early
5	1	7	1	2	2	406	124	31	17	96.784149	and
5	1	7	1	2	3	444	116	52	31	96.967430	stared
2	1	8	0	0	0	118	114	434	142	-1	
3	1	8	1	0	0	118	114	434	142	-1	
4	1	8	1	1	0	125	114	164	23	-1	
5	1	8	1	1	1	125	121	31	16	60.702545	ruin
5	1	8	1	1	2	163	119	23	15	96.923645	his
5	1	8	1	1	3	192	114	97	18	95.864944	excitement,
4	1	8	1	2	0	124	136	225	35	-1	
5	1	8	1	2	1	124	145	28	15	96.873581	this
5	1	8	1	2	2	159	142	19	16	94.464333	all
5	1	8	1	2	3	186	138	75	18	95.447723	morning,
5	1	8	1	2	4	269	137	52	18	96.235733	gotten
5	1	8	1	2	5	329	136	20	35	32.340508	Nd
4	1	8	1	3	0	164	157	196	15	-1	
5	1	8	1	3	1	164	166	18	3	90.163795	ici
5	1	8	1	3	2	291	157	33	15	95.754723	ined
5	1	8	1	3	3	343	159	17	11	96.684280	hea
4	1	8	1	4	0	133	162	180	22	-1	
5	1	8	1	4	1	133	169	70	15	91.003929	racticing
5	1	8	1	4	2	212	168	8	11	93.414444	a
5	1	8	1	4	3	229	162	84	15	87.119911	determine
4	1	8	1	5	0	122	173	332	35	-1	
5	1	8	1	5	1	122	174	27	34	96.041214	But
5	1	8	1	5	2	157	190	30	15	96.996162	that
5	1	8	1	5	3	195	188	51	20	95.614700	phone
5	1	8	1	5	4	254	183	29	17	91.367722	call
5	1	8	1	5	5	291	185	44	12	94.568199	came
5	1	8	1	5	6	343	177	31	31	96.739815	and
5	1	8	1	5	7	382	179	36	13	96.819778	now
5	1	8	1	5	8	426	173	28	16	96.979889	she
4	1	8	1	6	0	119	200	408	34	-1	
5	1	8	1	6	1	119	216	38	16	96.841660	stole
5	1	8	1	6	2	162	215	33	19	96.841660	past
5	1	8	1	6	3	200	212	25	15	96.971336	the
5	1	8	1	6	4	232	209	45	16	96.804733	Elder
5	1	8	1	6	5	282	207	85	15	87.255379	Statesmen
5	1	8	1	6	6	374	206	7	11	24.144836	S
5	1	8	1	6	7	388	201	57	15	96.885872	Room,
5	1	8	1	6	8	451	200	37	16	93.305573	greatly
5	1	8	1	6	9	524	217	3	3	27.998619	l¢
4	1	8	1	7	0	118	220	434	36	-1	
5	1	8	1	7	1	118	241	34	15	96.950859	than
5	1	8	1	7	2	159	237	42	17	96.950859	usual
5	1	8	1	7	3	208	236	30	15	96.972282	that
5	1	8	1	7	4	245	234	25	15	97.003212	the
5	1	8	1	7	5	276	231	26	16	95.463028	old
5	1	8	1	7	6	309	233	34	12	96.876366	men
5	1	8	1	7	7	350	230	41	12	93.101624	were
5	1	8	1	7	8	397	224	21	16	96.805397	all
5	1	8	1	7	9	425	222	48	16	96.805397	about
5	1	8	1	7	10	480	220	28	15	96.770935	her
5	1	8	1	7	11	514	222	38	11	96.063324	size.
2	1	9	0	0	0	100	1043	1081	128	-1	
3	1	9	1	0	0	100	1043	1081	128	-1	
4	1	9	1	1	0	650	1043	429	30	-1	
5	1	9	1	1	1	650	1043	37	19	96.898285	The
5	1	9	1	1	2	694	1045	47	19	96.900040	walk
5	1	9	1	1	3	747	1046	55	20	96.338867	down
5	1	9	1	1	4	808	1051	18	16	96.964745	to
5	1	9	1	1	5	832	1049	29	19	96.991135	the
5	1	9	1	1	6	867	1050	59	20	89.927444	Green
5	1	9	1	1	7	933	1052	51	19	96.912056	Store
5	1	9	1	1	8	989	1054	65	18	92.117325	wasn’t
5	1	9	1	1	9	1059	1059	20	14	92.117325	so
4	1	9	1	2	0	624	1050	556	65	-1	
5	1	9	1	2	1	624	1071	36	18	97.011475	that
5	1	9	1	2	2	667	1072	32	19	97.011787	she
5	1	9	1	2	3	706	1074	60	20	95.415184	didn’t
5	1	9	1	2	4	773	1076	45	20	96.950638	have
5	1	9	1	2	5	825	1079	87	25	96.890274	anything
5	1	9	1	2	6	918	1084	20	15	96.848923	to
5	1	9	1	2	7	944	1087	49	13	96.971870	wear
5	1	9	1	2	8	999	1082	37	19	96.888329	that
5	1	9	1	2	9	1041	1088	36	14	96.888313	was
5	1	9	1	2	10	1080	1050	100	65	28.291580	pola
4	1	9	1	3	0	623	1102	558	45	-1	
5	1	9	1	3	1	623	1102	77	45	35.404099	——
5	1	9	1	3	2	707	1103	36	19	97.001732	She
5	1	9	1	3	3	749	1106	97	20	96.369118	wondered
5	1	9	1	3	4	852	1108	17	19	34.135109	if
5	1	9	1	3	5	871	1114	12	13	34.135109	a
5	1	9	1	3	6	888	1109	33	24	94.420059	girl
5	1	9	1	3	7	927	1111	55	19	94.420059	could
5	1	9	1	3	8	987	1111	55	24	96.159393	really
5	1	9	1	3	9	1047	1114	38	17	70.260567	turn
5	1	9	1	3	10	1089	1115	18	16	96.705109	to
5	1	9	1	3	11	1112	1117	39	18	96.785110	soap
5	1	9	1	3	12	1155	1114	26	16	96.607658	out
4	1	9	1	4	0	100	1129	1081	42	-1	
5	1	9	1	4	1	100	1157	4	4	65.022003	_
5	1	9	1	4	2	122	1132	66	32	91.882523	Grampa
5	1	9	1	4	3	196	1141	46	13	96.733185	came
5	1	9	1	4	4	252	1138	41	19	96.924355	back
5	1	9	1	4	5	303	1140	41	19	96.938004	from
5	1	9	1	4	6	355	1143	87	21	96.569748	Reverend
5	1	9	1	4	7	453	1147	79	21	90.566437	Woods’s
5	1	9	1	4	8	542	1151	55	20	95.371490	house,
5	1	9	1	4	9	622	1129	219	30	0.000000	Pelli:
5	1	9	1	4	10	847	1137	158	26	0.000000	ppm
5	1	9	1	4	11	1061	1139	120	20	38.137550	ay
2	1	10	0	0	0	66	1298	1121	283	-1	
3	1	10	1	0	0	66	1298	1121	279	-1	
4	1	10	1	1	0	143	1298	1041	49	-1	
5	1	10	1	1	1	143	1301	63	40	48.621841	woman
5	1	10	1	1	2	213	1306	16	12	79.780716	i
5	1	10	1	1	3	236	1302	64	24	93.645393	leopard
5	1	10	1	1	4	306	1309	42	21	82.282730	print
5	1	10	1	1	5	351	1304	57	43	96.203369	Pants,
5	1	10	1	1	6	577	1298	3	3	82.733086	ic-
5	1	10	1	1	7	619	1309	35	20	95.662651	any
5	1	10	1	1	8	665	1312	78	29	96.315285	warmer
5	1	10	1	1	9	754	1317	46	15	96.336166	now.
5	1	10	1	1	10	812	1315	16	18	96.706909	A
5	1	10	1	1	11	838	1315	58	25	96.699928	chilly
5	1	10	1	1	12	907	1317	66	20	96.699928	breeze
5	1	10	1	1	13	983	1323	52	14	96.799713	came
5	1	10	1	1	14	1044	1317	54	19	96.799713	down
5	1	10	1	1	15	1107	1315	44	20	96.802094	from
5	1	10	1	1	16	1159	1313	25	19	96.839249	the
4	1	10	1	2	0	340	1339	847	36	-1	
5	1	10	1	2	1	340	1339	45	20	92.263641	Ohio
5	1	10	1	2	2	391	1343	105	25	88.315460	Governor’s
5	1	10	1	2	3	502	1351	74	24	90.564377	Council
5	1	10	1	2	4	586	1357	2	3	50.800152	i
5	1	10	1	2	5	619	1339	102	19	96.268333	mountains
5	1	10	1	2	6	730	1343	19	16	96.733421	to
5	1	10	1	2	7	758	1341	47	25	96.802673	fight
5	1	10	1	2	8	812	1344	44	20	96.651093	with
5	1	10	1	2	9	864	1346	30	19	96.544266	the
5	1	10	1	2	10	901	1347	48	24	93.304802	dirty
5	1	10	1	2	11	956	1347	54	20	90.497925	wafts
5	1	10	1	2	12	1018	1347	19	20	97.000534	of
5	1	10	1	2	13	1045	1346	40	21	93.734299	heat
5	1	10	1	2	14	1095	1335	56	44	96.450958	thrown
5	1	10	1	2	15	1161	1335	26	44	96.504745	off
4	1	10	1	3	0	316	1349	869	66	-1	
5	1	10	1	3	1	316	1349	31	66	61.333839	of
5	1	10	1	3	2	562	1356	41	54	42.296913	ies
5	1	10	1	3	3	630	1368	12	18	45.866661	Y
5	1	10	1	3	4	649	1364	93	29	96.630867	buildings
5	1	10	1	3	5	749	1372	36	19	93.677788	and
5	1	10	1	3	6	791	1375	122	20	92.983757	automobiles
5	1	10	1	3	7	920	1376	19	20	95.713272	in
5	1	10	1	3	8	946	1380	54	17	84.238609	town,
5	1	10	1	3	9	1008	1377	53	22	96.298531	Here,
5	1	10	1	3	10	1068	1376	18	19	81.667297	in
5	1	10	1	3	11	1091	1381	11	14	81.667297	a
5	1	10	1	3	12	1107	1373	46	26	95.879601	gully
5	1	10	1	3	13	1158	1371	27	20	95.879601	she
4	1	10	1	4	0	66	1390	1120	72	-1	
5	1	10	1	4	1	66	1399	21	32	75.341972	he's
5	1	10	1	4	2	92	1405	83	25	96.484749	working
5	1	10	1	4	3	179	1409	68	22	82.822083	withthe
5	1	10	1	4	4	252	1414	65	23	82.836288	World’s
5	1	10	1	4	5	322	1400	36	41	80.297562	Fai,
5	1	10	1	4	6	362	1398	44	64	45.849438	nee
5	1	10	1	4	7	422	1403	24	45	0.701187	Nr
5	1	10	1	4	8	459	1398	89	64	0.000000	wtli
5	1	10	1	4	9	557	1407	40	42	87.275604	says
5	1	10	1	4	10	613	1390	77	66	0.000000	meee
5	1	10	1	4	11	697	1398	80	51	36.307064	as
5	1	10	1	4	12	778	1405	20	16	81.618858	ut
5	1	10	1	4	13	804	1407	41	20	91.537865	past
5	1	10	1	4	14	852	1405	30	19	91.537865	the
5	1	10	1	4	15	889	1406	72	26	96.778915	curling
5	1	10	1	4	16	968	1407	96	24	96.948288	driveway,
5	1	10	1	4	17	1071	1405	28	21	96.577415	the
5	1	10	1	4	18	1105	1403	40	21	96.495903	cold
5	1	10	1	4	19	1150	1405	36	16	93.705727	won
4	1	10	1	5	0	432	1432	754	24	-1	
5	1	10	1	5	1	432	1436	86	13	0.000000	Afuhwicinends
5	1	10	1	5	2	569	1443	21	5	55.123627	x.
5	1	10	1	5	3	694	1432	53	16	96.010918	chewed
5	1	10	1	5	4	776	1434	18	17	96.862709	at
5	1	10	1	5	5	800	1432	31	21	95.687889	her
5	1	10	1	5	6	1073	1434	54	22	90.051880	shadowed
5	1	10	1	5	7	1167	1434	19	15	90.051880	an
4	1	10	1	6	0	322	1427	818	76	-1	
5	1	10	1	6	1	322	1479	63	22	21.778214	oe
5	1	10	1	6	2	395	1456	2	3	53.722885	kes
5	1	10	1	6	3	440	1489	3	3	38.295929	¢
5	1	10	1	6	4	497	1436	31	49	53.662247	tle
5	1	10	1	6	5	533	1442	65	53	42.654072	—
5	1	10	1	6	6	611	1446	88	57	10.104950	sloady
5	1	10	1	6	7	711	1449	96	43	73.930618	overcast
5	1	10	1	6	8	819	1431	62	66	10.228043	sted
5	1	10	1	6	9	897	1436	43	50	41.207138	as
5	1	10	1	6	10	941	1433	154	67	27.080475	pean
5	1	10	1	6	11	1107	1427	33	73	33.461517	ver
4	1	10	1	7	0	273	1474	914	66	-1	
5	1	10	1	7	1	273	1501	59	23	3.649429	rar
5	1	10	1	7	2	340	1490	178	45	0.000000	acAteOUinagie
5	1	10	1	7	3	524	1498	72	29	41.875893	Making
5	1	10	1	7	4	612	1474	125	66	45.022980	pip
5	1	10	1	7	5	743	1489	30	20	96.560188	the
5	1	10	1	7	6	780	1483	42	45	96.448761	heat
5	1	10	1	7	7	829	1483	53	45	96.448761	began
5	1	10	1	7	8	889	1491	105	32	90.667496	displacing
5	1	10	1	7	9	1001	1483	27	45	96.955460	the
5	1	10	1	7	10	1039	1483	42	45	96.197136	cold.
5	1	10	1	7	11	1091	1483	20	45	96.845123	By
5	1	10	1	7	12	1117	1483	27	45	96.714478	the
5	1	10	1	7	13	1150	1490	37	30	95.899788	time
4	1	10	1	8	0	440	1514	747	67	-1	
5	1	10	1	8	1	440	1524	17	14	93.792679	in
5	1	10	1	8	2	463	1521	122	33	61.100906	Gatlinburg!”
5	1	10	1	8	3	611	1514	36	53	40.068413	pot
5	1	10	1	8	4	687	1514	118	66	23.266586	esta
5	1	10	1	8	5	808	1517	32	38	97.017906	she
5	1	10	1	8	6	842	1518	45	63	48.252491	be.
5	1	10	1	8	7	892	1526	70	27	91.437294	feeling
5	1	10	1	8	8	967	1528	68	20	96.970940	almost
5	1	10	1	8	9	1036	1516	79	63	1.298660	cheoete
5	1	10	1	8	10	1125	1516	32	63	34.475090	ont
5	1	10	1	8	11	1160	1518	27	21	37.707066	ate
3	1	10	2	0	0	806	1557	296	22	-1	
4	1	10	2	1	0	806	1557	296	22	-1	
5	1	10	2	1	1	806	1559	9	14	0.000000	¥
5	1	10	2	1	2	820	1559	43	16	75.245453	next
5	1	10	2	1	3	888	1560	34	18	95.437927	letter
5	1	10	2	1	4	928	1561	19	17	96.783035	to
5	1	10	2	1	5	953	1559	88	20	96.427711	Gramma
5	1	10	2	1	6	1047	1558	19	20	96.267319	in
5	1	10	2	1	7	1071	1557	31	20	96.267319	her
2	1	11	0	0	0	1208	784	42	883	-1	
3	1	11	1	0	0	1208	784	42	883	-1	
4	1	11	1	1	0	1208	784	42	883	-1	
5	1	11	1	1	1	1208	784	42	883	95.000000
