But his loyalty to Gus, Morgan could not dream that away. To Gus, this wasnt the end of his Missauga. -29- Gus panned the shoreline. He lifted a bluegill up with his boot and nodded at Morgan. Gus's foxhound, Dakota, sniffed it “Well get through this,” he said. Morgan yawned and nodded back. Morgan lived in a cabin rent free because of an old favor Gus had promised Morgan's father. There was a hunting accident. Morgan's father, at the time a customer, dragged Gus out of the woods after his Remington rifle misfired and buried a bullet in his thigh. Cancer stole Morgan's father and the opportunity to repay the favor. Gus told Morgan things would change, thar they would still have a busy hunting season, all the while Gus's empire burned to the ground behind him. The lingering smell of wood smoke and dead fish always reminded him, but Morgan saw how Gus tried to be hopeful, how he wanted to pretend it wasn't happening, Morgan loaded a bullet into the chamber of his rifle, He would go into the woods opposite of the burning end of the lake, and he would kill. He would do it because Gus asked him to, because he couldn't tell him no. Morgan bounced in the ATV as Gus navigated him to a tree line of black pine and oaks; a productive hunting spot Gus had

pared qucaled and smacked the Cay ain on the shoulder Morg n smiled. “W <2 at was it Pike? Bass? Wall Reba and he ne Captain exch ed glances. Morgan pivoted away from n on his stool and looked at the empry area of wood paneling th € ‘ood paneling that was a waiting home for the future mount. He thoug! t the deform of his kill. It puzzled him what would have taken an 7 ave taken an antler, taken a part of something that took > much time to grow and develop. He didn't know how to

justify it . Bur it didn’t seem For meat, he thoug

right.

“Morgan. You with us man?” Eddie asked “Were you dreaming, Morgan? You were dreaming. What of ” Reba asked “I was just thinking. Not dreaming. My mind was wandering, thar's all, Morgan said. *Oh, I'm remembering a dream I had Jastitight,” Reba said pressing her fingers tghier temples with her eyes closed. She tried to make sense of her dreams. She tapped her temples, looking for details. She leaned her head back and her shirt tightened against her breasts. -31- Morgan imagined doing things to them in his mind. Hehad never touched them before. Eddie stared. The Captain brought our a smoke, then looked over at Morgan, glanced at Reba, and smiled as he lit the cigarette. Eddie seemed to sip his drink in frustration. He looked bothered by Reba interrupting his story. “Oh, oh,” Reba said quickly as if it was coming to her. “It's night time. I'm on a roof of one of the cabins. And I'm in my blue nightgow vn staring at the moon. There are strange things happening on the moon so far away. cant tell what itis but somehow in my mind I know it’s not right." Eadie snorted and rolled his eyes. Reba kept hers close. The Captain copped Eddie inthe ches with the back of his hand. Morgan adjusted on the stool, trying to find a comfortable position. » Reba continued, “the strange thing is that I'm “Yes, and, oh, the cabin is somehow moving back on the roof of a cabin but he moon and this cabin is floating and forth. [look down from t in so much wate vate just about everything. I look r, irseems to cover dand ces and the moon, Then can only sce @ he tops of tr around an Irs sound: slike Dakota, but I look around [hear a dog barking, Bur there's barking, Next an cant see where irs coming from.

ching, T'm looking z the stone chimney of this cabin ane Jown the stone 1 dak 1 is at the bor ‘om on his hind | s, his front paws leaning front paws leaning : Je of the chix ney, looking up at me So Dakota is in the cabin,” t the cabin,” the Capt That's odd.” That's no a ill, 1 hear a voice I don't recognize talking to Dakota. It’s saying ‘What is it boy?” And Dakota disappears ofa man’s head. He turns around, looks up y and it’s Gus, except he's clean shaven and looks to be a lot yo er, But I know it's Gus,” she said with her eyes still closed 1 know it’s him somehow.” Did he say anyt 2” the Captain asked, crunching out his in an ashtray No, just ave me a puzzled look like he didn’t recognize me, alook you nger. Then, I heard Dakota barking again

hat I we to, My window was open and Dakota barki at something, Probably chasing away raccoons or whatever has beer tting into our g rhage Morgan watched : Captain look at her, squinting. He seemed to pay close attention and Morgan thought maybe he je sense of the dream. Reba opened her eyes and looked ectly at the Captain, probably because he was the only one that let her know se ncone was listening, Morgan thought. But they st red a look f sorrow for a moment. Let Eddie said, ne tell Mor an what I saw today, I don't know,” Reba said, putting her hands up in the air, “it -32- seemed so strange to me.” She was still talking about the

am and ignored Eddie Can
5	1	57	1	1	2	277	871	27	13	95.949135	you
5	1	57	1	1	3	312	866	40	13	95.949135	make
5	1	57	1	1	4	359	871	23	14	96.925453	any
5	1	57	1	1	5	392	872	35	8	95.061890	sense
5	1	57	1	1	6	436	867	31	14	96.253365	of
5	1	57	1	1	7	458	856	16	35	96.253365	it
5	1	57	1	1	8	475	868	76	18	71.502617	Morgan?”
5	1	57	1	1	9	559	868	37	15	96.987190	Reba
5	1	57	1	1	10	603	868	41	15	95.254242	asked
2	1	58	0	0	0	574	896	128	16	-1	
3	1	58	1	0	0	574	896	128	16	-1	
4	1	58	1	1	0	574	896	128	16	-1	
5	1	58	1	1	1	574	901	11	11	43.186226	g.
5	1	58	1	1	2	594	896	23	14	95.898552	He
5	1	58	1	1	3	624	896	54	15	95.696068	wanted
5	1	58	1	1	4	687	902	15	9	90.718269	to
2	1	59	0	0	0	564	901	19	8	-1	
3	1	59	1	0	0	564	901	19	8	-1	
4	1	59	1	1	0	564	901	19	8	-1	
5	1	59	1	1	1	564	901	19	8	95.000000	  
2	1	60	0	0	0	233	892	327	22	-1	
3	1	60	1	0	0	233	892	327	22	-1	
4	1	60	1	1	0	233	892	327	22	-1	
5	1	60	1	1	1	233	892	60	13	94.378365	Morgan
5	1	60	1	1	2	301	893	55	13	94.378365	wanted
5	1	60	1	1	3	365	898	14	8	96.941078	to
5	1	60	1	1	4	386	900	19	6	96.668404	say
5	1	60	1	1	5	415	893	81	19	93.295410	something
5	1	60	1	1	6	504	900	56	14	90.513123	intrigui
2	1	61	0	0	0	215	918	259	17	-1	
3	1	61	1	0	0	215	918	259	17	-1	
4	1	61	1	1	0	215	918	259	17	-1	
5	1	61	1	1	1	215	918	13	13	95.113785	be
5	1	61	1	1	2	237	918	80	15	95.113785	somebody
5	1	61	1	1	3	323	919	37	14	96.812958	Reba
5	1	61	1	1	4	368	920	44	14	96.914452	found
5	1	61	1	1	5	419	926	55	9	96.809456	interest
2	1	62	0	0	0	265	926	236	13	-1	
3	1	62	1	0	0	265	926	236	13	-1	
4	1	62	1	1	0	265	926	236	13	-1	
5	1	62	1	1	1	265	930	3	2	95.000000	 
5	1	62	1	1	2	478	926	23	13	95.000000	 
2	1	63	0	0	0	232	945	469	24	-1	
3	1	63	1	0	0	232	945	469	24	-1	
4	1	63	1	1	0	232	945	469	24	-1	
5	1	63	1	1	1	232	945	11	13	78.337036	“I
5	1	63	1	1	2	252	945	36	14	69.314865	don't
5	1	63	1	1	3	298	946	39	13	96.236771	know.
5	1	63	1	1	4	352	946	51	18	96.878967	Maybe
5	1	63	1	1	5	411	946	24	15	96.663887	the
5	1	63	1	1	6	443	946	24	15	96.663887	fire
5	1	63	1	1	7	475	953	9	8	90.675659	is
5	1	63	1	1	8	491	953	44	14	90.675659	going
5	1	63	1	1	9	542	953	14	9	92.089706	to
5	1	63	1	1	10	564	954	18	13	92.089706	go
5	1	63	1	1	11	589	954	31	10	95.770027	out,
5	1	63	1	1	12	628	955	15	9	96.075539	or
5	1	63	1	1	13	651	950	50	19	96.367409	maybe
2	1	64	0	0	0	212	972	488	22	-1	
3	1	64	1	0	0	212	972	488	22	-1	
4	1	64	1	1	0	212	972	488	22	-1	
5	1	64	1	1	1	212	972	34	13	96.650948	God
5	1	64	1	1	2	254	978	9	7	96.650948	is
5	1	64	1	1	3	401	973	39	15	64.393288	nthe
5	1	64	1	1	4	447	973	46	16	95.382156	floods
5	1	64	1	1	5	500	980	14	9	95.382156	to
5	1	64	1	1	6	521	975	52	19	96.839127	punish
5	1	64	1	1	7	581	981	14	9	95.214699	us.
5	1	64	1	1	8	609	976	4	14	90.640045	I
5	1	64	1	1	9	620	976	43	16	96.207794	heard
5	1	64	1	1	10	671	977	29	15	95.714592	that
2	1	65	0	0	0	366	979	35	13	-1	
3	1	65	1	0	0	366	979	35	13	-1	
4	1	65	1	1	0	366	979	35	13	-1	
5	1	65	1	1	1	366	979	35	13	95.000000	   
2	1	66	0	0	0	275	973	88	18	-1	
3	1	66	1	0	0	275	973	88	18	-1	
4	1	66	1	1	0	275	973	88	18	-1	
5	1	66	1	1	1	275	973	88	18	52.459412	going
5	1	66	1	1	2	320	961	13	35	95.473991	to
5	1	66	1	1	3	341	961	27	35	54.754539	bri
2	1	67	0	0	0	271	979	2	8	-1	
3	1	67	1	0	0	271	979	2	8	-1	
4	1	67	1	1	0	271	979	2	8	-1	
5	1	67	1	1	1	271	979	2	8	95.000000	 
2	1	68	0	0	0	212	999	350	19	-1	
3	1	68	1	0	0	212	999	350	19	-1	
4	1	68	1	1	0	212	999	350	19	-1	
5	1	68	1	1	1	212	1004	26	8	96.826462	was
5	1	68	1	1	2	245	999	71	18	94.433784	supposed
5	1	68	1	1	3	325	1005	14	6	91.731483	to
5	1	68	1	1	4	346	999	56	19	86.822212	happen
5	1	68	1	1	5	409	1001	88	15	96.020760	sometime,”
5	1	68	1	1	6	505	1000	18	15	96.729454	he
5	1	68	1	1	7	529	1002	33	14	88.358154	said.
2	1	69	0	0	0	225	1025	475	21	-1	
3	1	69	1	0	0	225	1025	475	21	-1	
4	1	69	1	1	0	225	1025	475	21	-1	
5	1	69	1	1	1	225	1025	36	14	96.749062	Reba
5	1	69	1	1	2	270	1025	44	15	96.522125	rested
5	1	69	1	1	3	321	1026	25	14	96.794716	her
5	1	69	1	1	4	350	1026	44	14	28.527306	elbows
5	1	69	1	1	5	410	1032	52	10	96.936905	against
5	1	69	1	1	6	469	1027	24	15	96.782265	the
5	1	69	1	1	7	499	1034	59	9	96.562515	counter
5	1	69	1	1	8	564	1029	28	14	96.946426	and
5	1	69	1	1	9	599	1029	52	16	95.805138	looked
5	1	69	1	1	10	657	1031	43	15	96.619255	down
2	1	70	0	0	0	420	1040	3	6	-1	
3	1	70	1	0	0	420	1040	3	6	-1	
4	1	70	1	1	0	420	1040	3	6	-1	
5	1	70	1	1	1	420	1040	3	6	95.000000	 
2	1	71	0	0	0	208	1051	493	75	-1	
3	1	71	1	0	0	208	1051	493	75	-1	
4	1	71	1	1	0	210	1051	491	23	-1	
5	1	71	1	1	1	210	1057	11	9	96.445320	at
5	1	71	1	1	2	228	1052	21	14	86.116653	the
5	1	71	1	1	3	256	1051	34	15	86.116653	floor.
5	1	71	1	1	4	301	1053	58	19	93.991066	Morgan
5	1	71	1	1	5	365	1053	50	15	91.053108	looked
5	1	71	1	1	6	420	1060	12	8	94.511482	at
5	1	71	1	1	7	437	1054	24	14	96.925179	her
5	1	71	1	1	8	466	1060	33	14	94.596619	eyes.
5	1	71	1	1	9	505	1055	26	15	96.928894	She
5	1	71	1	1	10	536	1055	50	17	89.423996	looked
5	1	71	1	1	11	591	1042	22	37	96.000099	off
5	1	71	1	1	12	616	1057	85	17	95.999290	somewhere
4	1	71	1	2	0	210	1078	490	28	-1	
5	1	71	1	2	1	210	1078	44	15	94.702538	then
5	1	71	1	2	2	265	1079	38	16	94.702538	sighed.
5	1	71	1	2	3	318	1080	63	20	95.649963	Morgan,
5	1	71	1	2	4	387	1080	71	17	96.703346	flustered,
5	1	71	1	2	5	469	1087	45	9	96.942558	wanted
5	1	71	1	2	6	527	1082	8	15	96.941689	to
5	1	71	1	2	7	537	1088	42	10	90.912247	turn
5	1	71	1	2	8	584	1090	39	14	90.912247	away
5	1	71	1	2	9	628	1085	28	15	95.989815	and
5	1	71	1	2	10	661	1092	17	14	96.512276	go
5	1	71	1	2	11	685	1091	15	10	96.894867	to
4	1	71	1	3	0	208	1106	153	20	-1	
5	1	71	1	3	1	208	1106	20	14	91.598984	his
5	1	71	1	3	2	235	1106	41	15	96.816582	cabin
5	1	71	1	3	3	284	1107	28	14	96.965874	and
5	1	71	1	3	4	319	1107	42	19	92.483986	sleep.
2	1	72	0	0	0	219	1133	480	24	-1	
3	1	72	1	0	0	219	1133	480	24	-1	
4	1	72	1	1	0	219	1133	480	24	-1	
5	1	72	1	1	1	219	1134	12	13	88.002792	“I
5	1	72	1	1	2	237	1139	27	13	89.119080	just
5	1	72	1	1	3	271	1133	37	15	71.444473	don’t
5	1	72	1	1	4	314	1134	41	14	85.530678	know
5	1	72	1	1	5	363	1135	36	14	96.360504	what
5	1	72	1	1	6	405	1141	15	8	96.757950	to
5	1	72	1	1	7	426	1136	40	15	96.757950	make
5	1	72	1	1	8	471	1129	14	32	93.452919	of
5	1	72	1	1	9	482	1136	33	17	93.452919	it,”
5	1	72	1	1	10	521	1137	24	16	83.254433	she
5	1	72	1	1	11	551	1129	28	32	83.254433	said
5	1	72	1	1	12	584	1139	29	15	92.354263	and
5	1	72	1	1	13	618	1142	81	15	96.867111	unscrewed
2	1	73	0	0	0	385	1163	24	14	-1	
3	1	73	1	0	0	385	1163	24	14	-1	
4	1	73	1	1	0	385	1163	24	14	-1	
5	1	73	1	1	1	385	1163	24	14	95.000000	 
2	1	74	0	0	0	200	1160	499	247	-1	
3	1	74	1	0	0	200	1160	499	247	-1	
4	1	74	1	1	0	206	1160	493	27	-1	
5	1	74	1	1	1	206	1160	23	14	96.953163	the
5	1	74	1	1	2	238	1161	46	14	96.372650	bottle
5	1	74	1	1	3	293	1161	18	15	93.901016	of
5	1	74	1	1	4	317	1161	65	20	75.480293	whiskey,
5	1	74	1	1	5	409	1163	17	15	96.003151	She
5	1	74	1	1	6	435	1163	38	16	95.936470	filled
5	1	74	1	1	7	483	1170	19	13	95.365959	up
5	1	74	1	1	8	510	1164	18	15	95.365959	all
5	1	74	1	1	9	537	1164	17	16	95.665047	of
5	1	74	1	1	10	560	1165	37	16	96.963928	their
5	1	74	1	1	11	605	1166	52	21	96.200943	glasses
5	1	74	1	1	12	665	1168	34	16	96.941437	then
4	1	74	1	2	0	205	1188	475	27	-1	
5	1	74	1	2	1	205	1188	49	14	95.430077	leaned
5	1	74	1	2	2	261	1194	53	13	96.876633	against
5	1	74	1	2	3	323	1189	24	15	89.474716	the
5	1	74	1	2	4	352	1195	64	11	96.569374	counter,
5	1	74	1	2	5	422	1192	88	20	96.708717	supporting
5	1	74	1	2	6	515	1192	77	16	95.119324	herself
5	1	74	1	2	7	577	1179	15	40	95.119324	on
5	1	74	1	2	8	599	1194	25	15	93.276489	her
5	1	74	1	2	9	630	1195	50	20	82.122406	palms,
4	1	74	1	3	0	225	1216	474	26	-1	
5	1	74	1	3	1	225	1216	32	14	86.729156	Do

you think the cabin was sinking?” the Captain asked raising his eyebrows. Reba took a big gulp, She didn't answer the Captain but she looked at him sadly. Eddie was getting drunk and impatient. Reba picked up her glass and kept looking at the Captain, “You guys ready?” Eddie asked, tll wanting to tel his story, The Captain looked over at him, *C rist, Eddie,” he said, “I'm going to go write the dream down, Maybe that dream book from the library will help figure it out,” she said, She

walked across the ca’ and into her bedroom. Morgan stared at her as she We i e walked awa’ , the erection painful against his jeang He looked {over at the Captain and Eddie. They were eta: her, too. Get this,” Eddie said. etjere it comes,” the Captain said resting his head on one hand and smoking 2 cigarette with the other. “| gwear it happened. Ask Dan, he'll tell you,” Eddie said turning to the Captain. Then he turned back to Morgan,“ The ned back to Morgan, * swear it happened.” “What did, Eddie?” Morgan asked. He felt dizzy. Drinking wa %¢ something he was accustomed to. “[ was on the other side of the lake. You know, the hot side, and I was making barricades with Dan. We were stacking up big bags of sand, those heavy fucking things, trying to neutralize the damned fires. Stop them from spreading. “So we have this onc barricade stable and Dan comes over to me to see what area we need to go to next. You know, I get to carry the dipboard with the objectives and all.” Morgan turned toward a window and stared at the distant blaze wondering if putting out the fire was on the list. If they put as much water on the fire as they did whiskey in their belles then maybe I wouldn't have to hear this drunk talk, Morgan thought. He was less interested since Reba left. “Morgan, you listening?” Eddie asked. “You dreaming again?” Yeah,
5	1	97	4	1	2	801	816	46	15	76.135696	sure.”
3	1	97	5	0	0	727	843	504	133	-1	
4	1	97	5	1	0	745	843	486	20	-1	
5	1	97	5	1	1	745	843	27	15	64.668114	*So
5	1	97	5	1	2	780	843	25	15	83.725174	I'm
5	1	97	5	1	3	813	849	70	14	96.728874	pointing
5	1	97	5	1	4	889	850	27	9	94.984489	out
5	1	97	5	1	5	923	844	41	15	96.928864	what
5	1	97	5	1	6	973	844	44	16	96.918594	needs
5	1	97	5	1	7	1025	850	16	10	92.692070	to
5	1	97	5	1	8	1048	845	18	15	92.692070	be
5	1	97	5	1	9	1073	845	40	15	95.865204	done
5	1	97	5	1	10	1120	845	29	16	95.865204	and
5	1	97	5	1	11	1156	852	28	9	96.742607	one
5	1	97	5	1	12	1190	846	14	15	96.580643	of
5	1	97	5	1	13	1211	846	20	16	96.580643	the
4	1	97	5	2	0	727	870	504	25	-1	
5	1	97	5	2	1	727	870	40	15	95.961700	small
5	1	97	5	2	2	775	870	50	20	96.763107	planes
5	1	97	5	2	3	832	876	59	15	88.427635	swoops
5	1	97	5	2	4	896	878	36	9	87.280128	over
5	1	97	5	2	5	939	878	22	9	87.280128	us.
5	1	97	5	2	6	968	873	31	15	90.674858	You
5	1	97	5	2	7	1006	872	45	16	96.777298	know
5	1	97	5	2	8	1057	873	35	15	91.410431	how
5	1	97	5	2	9	1098	873	36	16	91.410431	loud
5	1	97	5	2	10	1141	873	41	16	96.823242	those
5	1	97	5	2	11	1189	874	42	21	96.823242	things
4	1	97	5	3	0	760	898	470	24	-1	
5	1	97	5	3	1	727	903	27	9	74.582199	ate,
5	1	97	5	3	2	760	903	15	9	90.552505	so
5	1	97	5	3	3	781	903	21	10	90.552505	we
5	1	97	5	3	4	808	898	53	15	96.787689	looked
5	1	97	5	3	5	867	904	25	15	96.780640	up.
5	1	97	5	3	6	898	900	11	14	3.645432	It
5	1	97	5	3	7	915	905	43	9	3.645432	starts
5	1	97	5	3	8	964	900	76	21	95.972870	dumping
5	1	97	5	3	9	1044	907	48	10	95.832870	water.
5	1	97	5	3	10	1101	902	34	15	95.962891	And
5	1	97	5	3	11	1141	901	34	16	85.301758	then
5	1	97	5	3	12	1181	914	2	3	54.245888	.
5	1	97	5	3	13	1190	914	11	3	54.245888	..
5	1	97	5	3	14	1207	908	23	14	92.412804	you
4	1	97	5	4	0	908	928	322	22	-1	
5	1	97	5	4	1	908	939	2	3	76.270012	.
5	1	97	5	4	2	915	928	44	14	86.937218	Then
5	1	97	5	4	3	966	940	3	3	79.714203	.
5	1	97	5	4	4	975	940	13	3	63.523899	..
5	1	97	5	4	5	1006	929	23	15	61.309399	[tell
5	1	97	5	4	6	1035	935	30	14	92.652344	you
5	1	97	5	4	7	1070	929	28	15	92.652344	this
5	1	97	5	4	8	1103	929	81	21	82.552917	happened.
5	1	97	5	4	9	1189	930	41	16	90.446419	Then,
4	1	97	5	5	0	727	951	503	25	-1	
5	1	97	5	5	1	727	951	28	15	96.395584	this
5	1	97	5	5	2	762	957	52	15	90.870934	corpse
5	1	97	5	5	3	821	959	49	10	90.870934	comes
5	1	97	5	5	4	878	955	78	21	96.789795	tumbling
5	1	97	5	5	5	963	962	27	9	96.858391	out
5	1	97	5	5	6	998	956	36	16	96.858391	with
5	1	97	5	5	7	1043	957	25	15	96.922897	the
5	1	97	5	5	8	1075	963	28	10	96.937531	rest
5	1	97	5	5	9	1110	957	18	15	94.070869	of
5	1	97	5	5	10	1134	957	24	16	96.144188	the
5	1	97	5	5	11	1164	964	45	9	92.587921	water.
5	1	97	5	5	12	1221	958	9	15	82.427765	Ik
2	1	98	0	0	0	895	928	4	1	-1	
3	1	98	1	0	0	895	928	4	1	-1	
4	1	98	1	1	0	895	928	4	1	-1	
5	1	98	1	1	1	895	928	4	1	95.000000	 
2	1	99	0	0	0	727	924	166	20	-1	
3	1	99	1	0	0	727	924	166	20	-1	
4	1	99	1	1	0	727	924	166	20	-1	
5	1	99	1	1	1	727	924	29	15	75.338371	ain't
5	1	99	1	1	2	763	930	49	14	95.872459	gonna
5	1	99	1	1	3	818	925	75	16	96.153030	believe
5	1	99	1	1	4	877	912	19	37	74.421890	th
2	1	100	0	0	0	895	933	10	9	-1	
3	1	100	1	0	0	895	933	10	9	-1	
4	1	100	1	1	0	895	933	10	9	-1	
5	1	100	1	1	1	895	933	10	9	95.000000	 
2	1	101	0	0	0	724	979	506	476	-1	
3	1	101	1	0	0	726	979	504	124	-1	
4	1	101	1	1	0	727	979	503	26	-1	
5	1	101	1	1	1	727	984	27	9	92.863007	was
5	1	101	1	1	2	760	979	25	15	96.900970	the
5	1	101	1	1	3	791	985	70	16	96.173126	strangest
5	1	101	1	1	4	867	982	67	17	94.793289	damned
5	1	101	1	1	5	940	984	44	21	96.723404	thing
5	1	101	1	1	6	991	985	3	15	84.169426	I
5	1	101	1	1	7	1001	991	33	9	96.011971	ever
5	1	101	1	1	8	1040	991	39	9	91.537903	seen.
5	1	101	1	1	9	1086	986	11	15	96.346642	It
5	1	101	1	1	10	1103	985	54	17	87.766220	looked
5	1	101	1	1	11	1164	986	27	15	91.445702	like
5	1	101	1	1	12	1195	992	35	9	91.445702	some
4	1	101	1	2	0	726	1005	503	29	-1	
5	1	101	1	2	1	726	1005	63	22	96.242111	dummy
5	1	101	1	2	2	796	1014	17	8	95.261650	or
5	1	101	1	2	3	819	1008	25	21	96.860176	big
5	1	101	1	2	4	850	1015	57	15	87.351570	puppet
5	1	101	1	2	5	915	1017	17	9	96.590797	or
5	1	101	1	2	6	938	1012	93	21	94.476456	something,
5	1	101	1	2	7	1039	1013	29	16	96.988777	and
5	1	101	1	2	8	1076	1014	9	15	95.722839	it
5	1	101	1	2	9	1093	1019	29	10	96.976151	was
5	1	101	1	2	10	1128	1014	63	20	96.104561	flipping
5	1	101	1	2	11	1197	1019	12	10	85.272469	in
5	1	101	1	2	12	1215	1013	14	16	85.272469	all
4	1	101	1	3	0	726	1033	503	29	-1	
5	1	101	1	3	1	726	1033	84	17	93.319008	directions.
5	1	101	1	3	2	824	1037	19	14	93.319008	So
5	1	101	1	3	3	850	1042	10	10	96.914223	it
5	1	101	1	3	4	868	1037	43	16	96.921677	lands
5	1	101	1	3	5	918	1039	38	21	96.523872	right
5	1	101	1	3	6	964	1046	21	9	94.903931	on
5	1	101	1	3	7	993	1040	25	16	96.999519	the
5	1	101	1	3	8	1025	1040	54	17	96.288979	border
5	1	101	1	3	9	1086	1041	30	16	96.233673	and
5	1	101	1	3	10	1123	1042	26	15	76.554489	I’m
5	1	101	1	3	11	1156	1041	73	21	95.402451	looking
5	1	101	1	3	12	1218	1035	14	31	95.402451	at
4	1	101	1	4	0	727	1060	503	33	-1	
5	1	101	1	4	1	727	1060	34	33	92.422134	Dan
5	1	101	1	4	2	768	1062	29	16	96.845261	and
5	1	101	1	4	3	806	1062	28	16	85.304047	he’s
5	1	101	1	4	4	842	1064	62	22	95.991158	looking
5	1	101	1	4	5	912	1072	13	10	96.944824	at
5	1	101	1	4	6	935	1073	29	10	96.429855	me.
5	1	101	1	4	7	971	1068	27	16	96.429855	We
5	1	101	1	4	8	1006	1068	39	17	76.230759	don't
5	1	101	1	4	9	1054	1069	45	16	95.408379	know
5	1	101	1	4	10	1107	1069	38	16	95.408379	what
5	1	101	1	4	11	1154	1070	24	15	90.100189	the
5	1	101	1	4	12	1184	1069	26	16	90.100189	hell
5	1	101	1	4	13	1217	1074	13	10	75.590256	to
4	1	101	1	5	0	726	1094	26	9	-1	
5	1	101	1	5	1	726	1094	26	9	82.246727	say.
3	1	101	2	0	0	726	1116	503	56	-1	
4	1	101	2	1	0	742	1116	487	30	-1	
5	1	101	2	1	1	742	1116	42	17	96.309509	“And
5	1	101	2	1	2	790	1118	39	17	96.663361	what
5	1	101	2	1	3	835	1119	25	17	96.663361	did
5	1	101	2	1	4	866	1127	30	14	96.287315	you
5	1	101	2	1	5	902	1122	20	16	96.287315	do
5	1	101	2	1	6	928	1123	80	17	28.948288	Edward?”
5	1	101	2	1	7	1014	1125	25	16	96.892509	the
5	1	101	2	1	8	1044	1126	66	20	78.060303	Captain
5	1	101	2	1	9	1115	1126	49	17	92.474579	asked,
5	1	101	2	1	10	1170	1126	20	15	92.474579	his
5	1	101	2	1	11	1195	1126	34	15	67.450584	voice
4	1	101	2	2	0	726	1144	221	28	-1	
5	1	101	2	2	1	726	1144	63	17	41.842270	muffled
5	1	101	2	2	2	795	1146	20	20	96.828453	by
5	1	101	2	2	3	820	1147	25	16	96.744148	the
5	1	101	2	2	4	850	1154	97	18	82.109787	Countertop,
3	1	101	3	0	0	725	1172	504	60	-1	
4	1	101	3	1	0	741	1172	488	32	-1	
5	1	101	3	1	1	741	1172	13	15	0.000000	“I
5	1	101	3	1	2	762	1173	32	16	0.000000	told
5	1	101	3	1	3	800	1180	30	14	96.953041	you
5	1	101	3	1	4	836	1176	61	17	83.504379	already,
5	1	101	3	1	5	910	1179	5	15	87.416008	I
5	1	101	3	1	6	923	1185	25	10	87.416008	ran
5	1	101	3	1	7	956	1181	33	15	96.702461	into
5	1	101	3	1	8	996	1181	26	16	96.882942	the
5	1	101	3	1	9	1027	1181	27	17	96.719505	fire
5	1	101	3	1	10	1060	1182	30	16	96.719505	and
5	1	101	3	1	11	1096	1182	65	22	87.861015	dragged
5	1	101	3	1	12	1166	1182	24	16	96.656471	the
5	1	101	3	1	13	1196	1180	33	20	96.857826	body
4	1	101	3	2	0	725	1200	452	32	-1	
5	1	101	3	2	1	725	1205	26	10	95.942383	out
5	1	101	3	2	2	759	1200	32	17	96.087265	into
5	1	101	3	2	3	798	1202	25	16	96.772316	the
5	1	101	3	2	4	829	1204	65	23	95.240486	clearing
5	1	101	3	2	5	899	1207	50	17	96.864708	where
5	1	101	3	2	6	956	1214	25	10	96.575623	me
5	1	101	3	2	7	986	1209	30	16	96.575623	and
5	1	101	3	2	8	1024	1210	34	15	96.841957	Dan
5	1	101	3	2	9	1065	1216	23	10	96.841957	are
5	1	101	3	2	10	1094	1210	83	22	95.888443	standing.”
3	1	101	4	0	0	741	1227	430	32	-1	
4	1	101	4	1	0	741	1227	430	32	-1	
5	1	101	4	1	1	741	1227	39	17	94.149796	“You
5	1	101	4	1	2	787	1235	39	12	94.149796	went
5	1	101	4	1	3	834	1232	32	17	96.587456	into
5	1	101	4	1	4	872	1233	27	17	96.174950	the
5	1	101	4	1	5	905	1234	42	17	45.454811	fire?”
5	1	101	4	1	6	955	1237	65	22	95.618629	Morgan
5	1	101	4	1	7	1027	1238	45	16	95.079849	asked
5	1	101	4	1	8	1079	1240	15	14	95.079849	in
5	1	101	4	1	9	1100	1238	71	16	81.650459	disbelief.
3	1	101	5	0	0	726	1256	504	75	-1	
4	1	101	5	1	0	738	1256	490	31	-1	
5	1	101	5	1	1	738	1256	54	17	94.569481	“What
5	1	101	5	1	2	798	1264	29	11	96.881607	was
5	1	101	5	1	3	833	1260	5	15	94.125725	I
5	1	101	5	1	4	844	1263	76	19	91.779686	supposed
5	1	101	5	1	5	927	1269	16	11	90.274796	to
5	1	101	5	1	6	948	1264	28	16	90.274796	do?
5	1	101	5	1	7	983	1265	4	16	84.283440	I
5	1	101	5	1	8	995	1265	29	17	84.283440	had
5	1	101	5	1	9	1030	1272	26	15	94.186707	my
5	1	101	5	1	10	1061	1268	28	15	94.186707	suit
5	1	101	5	1	11	1095	1273	26	10	96.155228	on.
5	1	101	5	1	12	1128	1267	11	16	96.359497	It
5	1	101	5	1	13	1145	1272	28	10	96.766220	was
5	1	101	5	1	14	1178	1263	50	23	76.347672	quick,”
4	1	101	5	2	0	726	1283	504	28	-1	
5	1	101	5	2	1	726	1283	46	17	92.110855	Eddie
5	1	101	5	2	2	778	1286	36	16	96.061829	said.
5	1	101	5	2	3	827	1287	53	18	74.535690	“Dan's
5	1	101	5	2	4	887	1296	8	10	90.004135	a
5	1	101	5	2	5	903	1292	53	17	86.310249	medic.
5	1	101	5	2	6	965	1293	37	17	49.727493	He'd
5	1	101	5	2	7	1009	1294	38	16	89.672279	been
5	1	101	5	2	8	1054	1294	33	17	96.687210	able
5	1	101	5	2	9	1093	1301	17	10	96.437126	to
5	1	101	5	2	10	1116	1294	50	17	94.521149	attend
5	1	101	5	2	11	1173	1300	15	10	91.619232	to
5	1	101	5	2	12	1194	1289	36	20	62.640755	mei
4	1	101	5	3	0	726	1310	92	21	-1	
5	1	101	5	3	1	726	1310	3	15	79.448853	1
5	1	101	5	3	2	736	1317	26	14	92.014801	got
5	1	101	5	3	3	769	1312	49	18	80.397484	hurr,”
3	1	101	6	0	0	724	1339	504	49	-1	
4	1	101	6	1	0	739	1339	489	34	-1	
5	1	101	6	1	1	739	1339	42	17	96.334190	“And
5	1	101	6	1	2	788	1342	38	17	96.497467	what
5	1	101	6	1	3	834	1343	36	18	96.282181	kind
5	1	101	6	1	4	876	1346	19	16	96.282181	of
5	1	101	6	1	5	899	1348	57	20	96.562500	patient
5	1	101	6	1	6	963	1349	27	17	96.948395	did
5	1	101	6	1	7	995	1356	30	15	95.973160	you
5	1	101	6	1	8	1032	1351	44	22	95.973160	bring
5	1	101	6	1	9	1083	1352	39	16	96.805115	Dan,
5	1	101	6	1	10	1129	1349	73	18	82.353455	Edward?”
5	1	101	6	1	11	1207	1347	21	16	96.458153	the
4	1	101	6	2	0	724	1366	121	22	-1	
5	1	101	6	2	1	724	1366	65	22	94.033890	Captain
5	1	101	6	2	2	796	1370	49	18	88.614494	asked,
3	1	101	7	0	0	739	1395	280	27	-1	
4	1	101	7	1	0	739	1395	280	27	-1	
5	1	101	7	1	1	739	1395	21	16	50.178261	“It
5	1	101	7	1	2	767	1402	30	11	50.178261	was
5	1	101	7	1	3	802	1404	8	10	92.434708	a
5	1	101	7	1	4	817	1399	72	18	96.476242	drowned
5	1	101	7	1	5	895	1402	68	19	95.759781	Chinese
5	1	101	7	1	6	970	1407	49	15	89.256653	man.”
3	1	101	8	0	0	740	1423	330	32	-1	
4	1	101	8	1	0	740	1423	330	32	-1	
5	1	101	8	1	1	740	1423	39	17	94.119560	“You
5	1	101	8	1	2	786	1426	44	16	96.472549	saved
5	1	101	8	1	3	836	1433	8	10	94.532249	a
5	1	101	8	1	4	850	1428	39	18	94.532249	dead
5	1	101	8	1	5	895	1432	45	19	88.452415	guy?”
5	1	101	8	1	6	947	1432	66	23	96.860222	Morgan
5	1	101	8	1	7	1020	1434	50	17	94.777435	asked.
2	1	102	0	0	0	0	1471	1250	196	-1	
3	1	102	1	0	0	0	1471	1250	196	-1	
4	1	102	1	1	0	0	1471	1250	196	-1	
5	1	102	1	1	1	0	1471	1250	196	95.000000

& for the county?” the sheriff asked, the fire : marshal Hes foreign. Only foreign man I seen near Missat che fire marshal said he fire mai onna try to disrupt things @ Jisrupt thing Never know what here,” the sheriff said. “It puzzles me ~ Aorgan left r the men to scratch their heads over it He » the path to the main lodge with Dakota panting beside finding things to piss on. 5 cartled, Dakota barreled toward main lodge, his bark echoing in the woods. Morgan t aced to the side of the lodge ar aw Dakota with his paws agi inst the wood underneath a window. He pawed at it, is it, boy? A raccoon?” he said. He quieted the dog t heard whinin I was the Captain and Reba. Morgan ananglea 4 lanced in the window. Reba mounted the face flushed as she shook against him. Morgan wh nile and then jerked away and looked off in the where the fires only seemed brighter and the lake shallower. didn't scem that anything v ng to put out the fires,

Morgan lay on his bed, the fires flickering through his He dosed his eyes and thought of Reba topless. He about squeezing her breasts, thought about it over and There was a knock on his door. 34 Reba stood outside hugging herself in the cold.

her in. She smelled of apples and hickory smoke. color in her checks. Sorry to bother you,” she said. “I just. . .I think is wrong with Gus.” Reba sat next to Morgan on his bed and the smell pervaded the cabin “He's distant these days,” she said and began to cry.

looked down at Morgan's lap to where he adjusted his “Whar do you mean?” Morgan asked. “Ie feels like everything is over; that I've lost him.” “L1’s the fire. He's worried about losing Missauga.” “I know, but... there's more to it than that,” She sniffled dabbed at her eyes with a tissue, “He knows something, Something I'm not ready to tell you.” You
5	1	47	5	1	2	261	1308	26	10	96.757812	can
5	1	47	5	1	3	296	1302	22	15	94.453949	tell
5	1	47	5	1	4	326	1302	36	16	96.354149	me,”
5	1	47	5	1	5	371	1302	61	19	95.361008	Morgan
5	1	47	5	1	6	440	1301	34	17	95.086411	said,
5	1	47	5	1	7	482	1308	75	14	93.303421	squeezing
5	1	47	5	1	8	565	1303	46	15	78.612846	Reba’s
5	1	47	5	1	9	618	1303	67	17	96.865753	shoulder
4	1	47	5	2	0	197	1328	488	23	-1	
5	1	47	5	2	1	197	1331	27	15	96.812256	and
5	1	47	5	2	2	234	1330	67	20	96.812256	smelling
5	1	47	5	2	3	310	1329	23	15	96.769829	her
5	1	47	5	2	4	344	1329	32	15	93.353241	hair.
5	1	47	5	2	5	387	1329	23	15	96.242226	He
5	1	47	5	2	6	419	1328	35	16	96.592598	tried
5	1	47	5	2	7	464	1334	16	10	58.248425	co
5	1	47	5	2	8	488	1329	41	15	96.576294	think
5	1	47	5	2	9	539	1329	14	15	96.958092	of
5	1	47	5	2	10	563	1330	82	21	96.182831	something
5	1	47	5	2	11	653	1331	32	18	94.717010	else,
4	1	47	5	3	0	195	1356	490	21	-1	
5	1	47	5	3	1	195	1358	84	19	96.192978	something
5	1	47	5	3	2	285	1363	56	14	89.213547	strange
5	1	47	5	3	3	346	1356	30	15	89.213547	that
5	1	47	5	3	4	382	1356	44	15	94.576103	could
5	1	47	5	3	5	432	1356	35	20	94.576103	keep
5	1	47	5	3	6	473	1356	22	15	96.311531	his
5	1	47	5	3	7	501	1356	40	15	96.396584	mind
5	1	47	5	3	8	547	1356	21	15	96.911026	off
5	1	47	5	3	9	576	1356	15	16	96.894463	of
5	1	47	5	3	10	595	1357	43	17	96.900833	Reba,
5	1	47	5	3	11	644	1358	25	16	96.725655	but
5	1	47	5	3	12	676	1360	9	14	96.570213	it
4	1	47	5	4	0	196	1382	415	22	-1	
5	1	47	5	4	1	196	1386	46	14	87.369263	wasn't
5	1	47	5	4	2	249	1385	70	19	95.603325	working.
5	1	47	5	4	3	327	1384	26	15	93.858063	His
5	1	47	5	4	4	358	1384	63	15	96.734650	erection
5	1	47	5	4	5	429	1382	45	16	96.844383	flexed
5	1	47	5	4	6	481	1384	53	19	95.656685	against
5	1	47	5	4	7	541	1384	22	15	94.513260	his
5	1	47	5	4	8	568	1390	43	13	92.450401	jeans.
3	1	47	6	0	0	210	1411	244	22	-1	
4	1	47	6	1	0	210	1411	244	22	-1	
5	1	47	6	1	1	210	1414	76	19	76.563896	“Morgan,
5	1	47	6	1	2	292	1412	47	20	73.125832	you're
5	1	47	6	1	3	345	1417	16	10	95.385750	so
5	1	47	6	1	4	366	1411	88	20	0.881470	young...”
2	1	48	0	0	0	454	1437	259	7	-1	
3	1	48	1	0	0	454	1437	259	7	-1	
4	1	48	1	1	0	454	1437	259	7	-1	
5	1	48	1	1	1	454	1437	259	7	95.000000	 
2	1	49	0	0	0	1016	113	4	25	-1	
3	1	49	1	0	0	1016	113	4	25	-1	
4	1	49	1	1	0	1016	113	4	25	-1	
5	1	49	1	1	1	1016	113	4	25	95.000000	 
2	1	50	0	0	0	896	121	313	25	-1	
3	1	50	1	0	0	896	121	313	25	-1	
4	1	50	1	1	0	896	121	313	25	-1	
5	1	50	1	1	1	896	132	28	14	77.441650	She
5	1	50	1	1	2	933	135	30	7	95.238213	was
5	1	50	1	1	3	973	132	11	8	89.596397	as
5	1	50	1	1	4	993	123	53	17	96.625916	lifeless
5	1	50	1	1	5	1054	121	30	16	95.668900	and
5	1	50	1	1	6	1092	121	28	16	94.432259	still
5	1	50	1	1	7	1128	128	14	9	96.886101	as
5	1	50	1	1	8	1149	121	25	16	96.808304	the
5	1	50	1	1	9	1181	128	28	10	94.571823	one
2	1	51	0	0	0	772	136	442	38	-1	
3	1	51	1	0	0	772	136	442	38	-1	
4	1	51	1	1	0	804	136	77	20	-1	
5	1	51	1	1	1	804	140	30	16	85.477081	ssed
5	1	51	1	1	2	842	136	39	17	96.207672	Reba
4	1	51	1	2	0	772	145	442	29	-1	
5	1	51	1	2	1	772	152	7	8	73.551651	n
5	1	51	1	2	2	788	145	12	13	78.512581	ki
5	1	51	1	2	3	934	157	28	16	95.296021	dirt
5	1	51	1	2	4	974	154	36	20	96.639870	path
5	1	51	1	2	5	1023	158	13	9	96.552628	in
5	1	51	1	2	6	1048	151	25	15	96.612503	the
5	1	51	1	2	7	1083	150	57	16	88.607529	woods.
5	1	51	1	2	8	1152	151	62	21	96.968185	Morgan
2	1	52	0	0	0	718	152	51	16	-1	
3	1	52	1	0	0	718	152	51	16	-1	
4	1	52	1	1	0	718	152	51	16	-1	
5	1	52	1	1	1	718	152	51	16	95.000000	 
2	1	53	0	0	0	803	166	119	19	-1	
3	1	53	1	0	0	803	166	119	19	-1	
4	1	53	1	1	0	803	166	119	19	-1	
5	1	53	1	1	1	803	177	3	8	0.000000	1.
5	1	53	1	1	2	818	171	56	12	86.645065	rotting
5	1	53	1	1	3	885	167	19	9	86.630836	On
5	1	53	1	1	4	916	166	6	8	0.000000	@
2	1	54	0	0	0	818	185	315	48	-1	
3	1	54	1	0	0	818	185	315	48	-1	
4	1	54	1	1	0	818	185	200	27	-1	
5	1	54	1	1	1	818	192	54	20	64.439873	looked
5	1	54	1	1	2	881	189	40	17	96.578339	Reba
5	1	54	1	1	3	931	192	14	9	95.752060	in
5	1	54	1	1	4	953	185	25	15	96.976776	the
5	1	54	1	1	5	986	189	32	14	75.815773	eyes
4	1	54	1	2	0	894	209	239	24	-1	
5	1	54	1	2	1	894	218	25	15	76.666931	I'm
5	1	54	1	2	2	927	213	47	18	87.757492	lonely
5	1	54	1	2	3	984	218	7	8	87.757492	a
5	1	54	1	2	4	999	211	21	15	90.541496	lot
5	1	54	1	2	5	1027	210	16	15	95.604965	of
5	1	54	1	2	6	1051	209	25	16	96.698296	the
5	1	54	1	2	7	1083	209	50	15	91.494354	time.”
2	1	55	0	0	0	701	173	109	51	-1	
3	1	55	1	0	0	701	173	109	51	-1	
4	1	55	1	1	0	701	173	97	24	-1	
5	1	55	1	1	1	701	175	63	22	90.235909	antlered
5	1	55	1	1	2	775	173	23	15	95.902161	dee
4	1	55	1	2	0	701	198	109	26	-1	
5	1	55	1	2	1	701	206	73	18	96.430328	withdrew
5	1	55	1	2	2	783	198	27	18	96.391174	and
2	1	56	0	0	0	720	225	493	30	-1	
3	1	56	1	0	0	720	225	493	30	-1	
4	1	56	1	1	0	720	225	108	20	-1	
5	1	56	1	1	1	720	236	1	4	0.000000	('m
5	1	56	1	1	2	757	225	71	20	56.769196	sorry
5	1	56	1	1	3	800	221	6	36	82.747864	|
5	1	56	1	1	4	815	221	15	36	96.554832	di
4	1	56	1	2	0	726	235	487	20	-1	
5	1	56	1	2	1	726	235	23	15	87.635132	I'm
5	1	56	1	2	2	789	246	2	3	79.670792	sorty
5	1	56	1	2	3	1008	239	33	15	96.919205	ards
5	1	56	1	2	4	1050	238	57	15	96.250000	toward
5	1	56	1	2	5	1118	238	24	15	96.968834	the
5	1	56	1	2	6	1151	238	62	17	93.170837	door.
5	1	56	1	2	7	1202	229	15	36	42.605782	“I
2	1	57	0	0	0	991	242	16	16	-1	
3	1	57	1	0	0	991	242	16	16	-1	
4	1	57	1	1	0	991	242	16	16	-1	
5	1	57	1	1	1	991	242	16	16	95.000000	 
2	1	58	0	0	0	726	241	448	58	-1	
3	1	58	1	0	0	726	241	448	58	-1	
4	1	58	1	1	0	726	241	288	36	-1	
5	1	58	1	1	1	726	261	37	16	89.200218	Reba
5	1	58	1	1	2	773	255	43	17	93.808243	stood
5	1	58	1	1	3	825	258	20	15	95.051743	up
5	1	58	1	1	4	855	248	29	18	95.051743	and
5	1	58	1	1	5	894	244	48	18	93.284271	edged
5	1	58	1	1	6	953	241	61	29	90.498077	backwa
4	1	58	1	2	0	822	267	352	32	-1	
5	1	58	1	2	1	822	282	70	17	96.592125	Morgan.
5	1	58	1	2	2	900	276	34	14	96.592125	Can
5	1	58	1	2	3	941	278	23	9	89.022995	we
5	1	58	1	2	4	971	275	27	14	89.022995	just
5	1	58	1	2	5	1007	270	47	19	95.847595	forget
5	1	58	1	2	6	1063	273	10	10	96.435822	it
5	1	58	1	2	7	1080	267	94	21	84.644943	happened?”
2	1	59	0	0	0	702	290	512	41	-1	
3	1	59	1	0	0	702	290	512	41	-1	
4	1	59	1	1	0	713	290	260	17	-1	
5	1	59	1	1	1	713	296	28	11	96.692917	now
5	1	59	1	1	2	749	294	26	10	96.848717	you
5	1	59	1	1	3	787	290	27	11	91.195946	are,
5	1	59	1	1	4	967	300	6	3	39.456329	it
4	1	59	1	2	0	702	294	512	37	-1	
5	1	59	1	2	1	702	294	52	15	36.750824	pitts
5	1	59	1	2	2	826	314	35	17	92.049408	pose
5	1	59	1	2	3	871	311	22	10	91.034592	we
5	1	59	1	2	4	902	301	61	18	96.533043	should.”
5	1	59	1	2	5	984	300	27	14	96.750450	For
5	1	59	1	2	6	1020	304	7	8	94.689651	a
5	1	59	1	2	7	1037	296	45	16	94.689651	while
5	1	59	1	2	8	1091	296	35	20	96.656227	they
5	1	59	1	2	9	1134	303	37	9	95.676208	were
5	1	59	1	2	10	1180	296	34	18	95.676208	both
2	1	60	0	0	0	702	314	145	78	-1	
3	1	60	1	0	0	702	314	145	78	-1	
4	1	60	1	1	0	724	314	100	19	-1	
5	1	60	1	1	1	724	316	50	17	95.006302	“Yeah,
5	1	60	1	1	2	784	314	4	15	58.684368	1
5	1	60	1	1	3	798	317	26	15	50.312119	sup}
4	1	60	1	2	0	702	343	145	26	-1	
5	1	60	1	2	1	702	352	44	17	96.047043	quiet,
5	1	60	1	2	2	754	343	93	18	92.572731	mulling
5	1	60	1	2	3	824	333	28	40	92.056152	ove
4	1	60	1	3	0	702	368	144	24	-1	
5	1	60	1	3	1	702	381	51	11	91.462021	course
5	1	60	1	3	2	762	372	14	15	91.462021	of
5	1	60	1	3	3	787	370	24	15	95.004974	the
5	1	60	1	3	4	820	368	26	15	94.910088	last
2	1	61	0	0	0	849	325	366	27	-1	
3	1	61	1	0	0	849	325	366	27	-1	
4	1	61	1	1	0	849	325	366	27	-1	
5	1	61	1	1	1	849	335	50	17	69.543030	what
5	1	61	1	1	2	906	330	38	18	74.946098	rook
5	1	61	1	1	3	951	329	47	21	95.189842	place,
5	1	61	1	1	4	1005	332	26	10	95.189842	not
5	1	61	1	1	5	1039	331	27	13	96.791039	just
5	1	61	1	1	6	1073	325	41	17	96.878204	then,
5	1	61	1	1	7	1120	325	26	15	96.876709	but
5	1	61	1	1	8	1153	332	33	9	96.176170	over
5	1	61	1	1	9	1192	326	23	17	96.817818	the
2	1	62	0	0	0	703	354	512	234	-1	
3	1	62	1	0	0	703	354	512	234	-1	
4	1	62	1	1	0	857	354	357	29	-1	
5	1	62	1	1	1	857	362	55	21	96.945259	couple
5	1	62	1	1	2	921	358	54	17	94.521622	weeks.
5	1	62	1	1	3	987	357	66	19	96.874741	Morgan
5	1	62	1	1	4	1064	354	65	21	91.875122	thought
5	1	62	1	1	5	1139	355	45	15	96.835442	about
5	1	62	1	1	6	1194	355	20	17	96.385368	his
4	1	62	1	2	0	703	383	512	36	-1	
5	1	62	1	2	1	703	405	36	14	96.958038	deer,
5	1	62	1	2	2	746	401	29	16	96.773560	that
5	1	62	1	2	3	782	399	24	16	96.938133	the
5	1	62	1	2	4	813	400	37	12	96.621544	meat
5	1	62	1	2	5	856	390	52	18	95.240906	would
5	1	62	1	2	6	915	390	18	15	96.806053	be
5	1	62	1	2	7	939	385	59	23	96.771255	spoiled
5	1	62	1	2	8	1005	385	63	15	94.406548	because
5	1	62	1	2	9	1075	383	18	16	94.406548	he
5	1	62	1	2	10	1098	383	25	16	94.427017	left
5	1	62	1	2	11	1130	389	9	10	96.721855	it
5	1	62	1	2	12	1146	383	43	16	95.496918	alone
5	1	62	1	2	13	1194	383	21	17	95.496918	for
4	1	62	1	3	0	703	412	489	37	-1	
5	1	62	1	3	1	703	439	25	9	96.625237	too
5	1	62	1	3	2	736	431	35	18	95.680786	long.
5	1	62	1	3	3	784	427	22	15	96.361702	He
5	1	62	1	3	4	813	420	66	20	93.289864	watched
5	1	62	1	3	5	889	418	50	17	42.783436	Reba's
5	1	62	1	3	6	946	416	41	16	95.371155	chest
5	1	62	1	3	7	997	414	46	15	95.371155	heave
5	1	62	1	3	8	1050	412	36	16	96.874985	with
5	1	62	1	3	9	1094	412	34	16	69.159973	each
5	1	62	1	3	10	1137	412	55	16	86.789551	breath,
4	1	62	1	4	0	723	450	146	24	-1	
5	1	62	1	4	1	723	457	54	17	33.115631	“Look,
5	1	62	1	4	2	787	455	63	18	92.883644	Morgan.
5	1	62	1	4	3	866	450	3	15	79.661438	I
4	1	62	1	5	0	703	478	179	28	-1	
5	1	62	1	5	1	703	493	51	13	96.541870	wrong
5	1	62	1	5	2	760	484	34	16	96.906776	with
5	1	62	1	5	3	802	483	31	14	97.010925	Gus
5	1	62	1	5	4	841	478	28	17	73.751617	and
5	1	62	1	5	5	878	478	4	15	73.751617	I
4	1	62	1	6	0	704	506	203	25	-1	
5	1	62	1	6	1	704	516	28	15	96.679436	talk
5	1	62	1	6	2	739	520	15	9	90.035431	to
5	1	62	1	6	3	762	513	35	15	90.035431	him,
5	1	62	1	6	4	805	511	70	18	96.906258	Morgan.
5	1	62	1	6	5	884	506	23	15	96.966919	He
4	1	62	1	7	0	720	537	120	20	-1	
5	1	62	1	7	1	720	542	51	15	90.908661	“What
5	1	62	1	7	2	779	537	61	18	58.798119	about?”
4	1	62	1	8	0	720	561	211	27	-1	
5	1	62	1	8	1	720	572	35	16	77.340393	“Just
5	1	62	1	8	2	764	570	33	14	89.816513	hear
5	1	62	1	8	3	803	567	31	15	94.915199	him
5	1	62	1	8	4	841	570	26	10	94.915199	out
5	1	62	1	8	5	875	563	30	16	96.706169	and
5	1	62	1	8	6	913	561	18	16	86.862770	tel
2	1	63	0	0	0	879	441	336	51	-1	
3	1	63	1	0	0	879	441	336	51	-1	
4	1	63	1	1	0	879	441	336	23	-1	
5	1	63	1	1	1	879	453	43	11	95.515717	came
5	1	63	1	1	2	931	446	35	15	96.786980	here
5	1	63	1	1	3	974	450	17	9	95.905663	to
5	1	63	1	1	4	1000	442	24	16	95.905663	tell
5	1	63	1	1	5	1034	448	29	14	96.902405	you
5	1	63	1	1	6	1073	441	30	15	89.750565	that
5	1	63	1	1	7	1113	441	84	21	96.853485	something
5	1	63	1	1	8	1205	449	10	9	96.554245	is
4	1	63	1	2	0	890	469	325	23	-1	
5	1	63	1	2	1	890	476	40	16	83.157158	don't
5	1	63	1	2	2	939	475	45	14	96.744156	know
5	1	63	1	2	3	992	471	23	16	93.159386	if
5	1	63	1	2	4	1011	465	6	32	88.579498	I
5	1	63	1	2	5	1024	477	27	9	88.579498	can
5	1	63	1	2	6	1059	470	19	16	96.698593	fix
5	1	63	1	2	7	1086	471	15	15	95.819313	it.
5	1	63	1	2	8	1110	470	3	15	94.392128	I
5	1	63	1	2	9	1122	469	36	16	96.221397	need
5	1	63	1	2	10	1165	476	28	14	96.086914	you
5	1	63	1	2	11	1201	476	14	10	92.097054	to
2	1	64	0	0	0	911	499	201	23	-1	
3	1	64	1	0	0	911	499	201	23	-1	
4	1	64	1	1	0	911	499	201	23	-1	
5	1	64	1	1	1	911	504	12	16	60.965874	‘ll
5	1	64	1	1	2	932	503	54	19	96.351341	always
5	1	64	1	1	3	993	501	43	15	96.351341	listen
5	1	64	1	1	4	1045	505	16	10	96.831398	to
5	1	64	1	1	5	1068	499	44	21	96.251297	you.”
2	1	65	0	0	0	935	557	188	19	-1	
3	1	65	1	0	0	935	557	188	19	-1	
4	1	65	1	1	0	935	557	188	19	-1	
5	1	65	1	1	1	935	561	2	15	90.874992	|
5	1	65	1	1	2	946	560	32	15	95.022629	him
5	1	65	1	1	3	987	560	8	14	93.131538	it
5	1	65	1	1	4	1005	558	30	16	77.285316	isn't
5	1	65	1	1	5	1042	557	49	16	96.528191	worth
5	1	65	1	1	6	1099	557	24	15	93.178391	it.”
2	1	66	0	0	0	716	585	499	29	-1	
3	1	66	1	0	0	716	585	499	29	-1	
4	1	66	1	1	0	716	585	499	29	-1	
5	1	66	1	1	1	716	599	26	15	96.823624	She
5	1	66	1	1	2	749	598	32	14	96.756393	shut
5	1	66	1	1	3	789	597	23	14	96.870155	the
5	1	66	1	1	4	821	594	33	16	94.369247	door
5	1	66	1	1	5	861	592	29	16	94.791397	and
5	1	66	1	1	6	897	591	66	16	96.694603	Morgan,
5	1	66	1	1	7	973	588	37	16	95.723396	alone
5	1	66	1	1	8	1026	592	48	16	96.725967	again,
5	1	66	1	1	9	1080	585	24	16	89.478828	fell
5	1	66	1	1	10	1111	585	37	15	96.991486	back
5	1	66	1	1	11	1153	591	36	9	95.722610	onto
5	1	66	1	1	12	1195	585	20	16	96.601326	his
2	1	67	0	0	0	704	614	512	778	-1	
3	1	67	1	0	0	704	614	510	55	-1	
4	1	67	1	1	0	704	614	510	28	-1	
5	1	67	1	1	1	704	626	33	16	85.229179	bed,
5	1	67	1	1	2	748	625	23	15	96.806259	He
5	1	67	1	1	3	781	622	61	16	43.730434	worried
5	1	67	1	1	4	853	621	47	15	93.186424	about
5	1	67	1	1	5	911	618	26	15	95.888336	the
5	1	67	1	1	6	948	617	34	16	91.541985	deer
5	1	67	1	1	7	993	616	19	16	91.541985	he
5	1	67	1	1	8	1023	615	51	16	96.544128	killed,
5	1	67	1	1	9	1085	614	31	16	94.100143	that
5	1	67	1	1	10	1127	614	32	15	96.968086	Gus
5	1	67	1	1	11	1170	614	44	20	92.927383	might
4	1	67	1	2	0	704	642	510	27	-1	
5	1	67	1	2	1	704	653	63	16	94.775314	stumble
5	1	67	1	2	2	773	658	19	9	96.675842	on
5	1	67	1	2	3	799	657	9	9	95.294662	it
5	1	67	1	2	4	816	657	13	9	87.567291	in
5	1	67	1	2	5	836	650	25	14	87.567291	the
5	1	67	1	2	6	867	647	58	16	89.116432	woods.
5	1	67	1	2	7	933	647	24	14	96.250481	He
5	1	67	1	2	8	963	644	30	16	96.250481	had
5	1	67	1	2	9	1000	650	16	10	96.423019	to
5	1	67	1	2	10	1022	649	24	15	77.365250	get
5	1	67	1	2	11	1052	649	16	10	77.365250	to
5	1	67	1	2	12	1075	649	10	9	96.840134	it
5	1	67	1	2	13	1096	634	47	39	96.802048	before
5	1	67	1	2	14	1155	643	23	15	96.724869	Gus
5	1	67	1	2	15	1186	642	28	16	93.176582	did.
3	1	67	2	0	0	705	670	511	190	-1	
4	1	67	2	1	0	718	670	496	26	-1	
5	1	67	2	1	1	718	683	24	13	72.425034	For
5	1	67	2	1	2	749	687	7	8	72.425034	a
5	1	67	2	1	3	762	679	42	15	94.754913	while
5	1	67	2	1	4	810	679	17	14	94.859695	he
5	1	67	2	1	5	833	677	24	16	92.193939	felt
5	1	67	2	1	6	864	675	72	17	92.193939	ashamed
5	1	67	2	1	7	943	675	31	14	95.432648	that
5	1	67	2	1	8	982	674	18	14	95.168365	he
5	1	67	2	1	9	1006	672	29	16	95.168365	had
5	1	67	2	1	10	1042	671	47	16	85.690308	kissed
5	1	67	2	1	11	1097	671	45	16	96.966576	Reba,
5	1	67	2	1	12	1148	670	25	16	95.107880	but
5	1	67	2	1	13	1180	676	34	10	95.541138	soon
4	1	67	2	2	0	705	699	510	28	-1	
5	1	67	2	2	1	705	710	29	14	88.321144	that
5	1	67	2	2	2	743	708	51	19	96.505653	feeling
5	1	67	2	2	3	801	706	24	15	87.783325	left
5	1	67	2	2	4	833	705	31	16	95.604698	him
5	1	67	2	2	5	872	704	44	15	94.228226	when
5	1	67	2	2	6	924	703	19	15	94.228226	he
5	1	67	2	2	7	950	701	104	17	96.416740	remembered
5	1	67	2	2	8	1062	706	50	15	88.890648	seeing
5	1	67	2	2	9	1119	699	25	15	93.895462	her
5	1	67	2	2	10	1150	699	35	15	96.851868	with
5	1	67	2	2	11	1192	699	23	15	96.877602	the
4	1	67	2	3	0	705	728	509	28	-1	
5	1	67	2	3	1	705	738	67	18	94.673981	Captain,
5	1	67	2	3	2	782	736	23	13	95.683594	He
5	1	67	2	3	3	813	733	33	16	95.899460	held
5	1	67	2	3	4	855	738	38	9	95.899460	onto
5	1	67	2	3	5	903	732	31	15	95.733727	that
5	1	67	2	3	6	945	736	54	14	92.718758	image,
5	1	67	2	3	7	1007	729	19	16	92.718758	of
5	1	67	2	3	8	1034	729	39	15	96.793961	Reba
5	1	67	2	3	9	1082	728	29	16	96.809418	and
5	1	67	2	3	10	1120	728	26	15	96.617569	the
5	1	67	2	3	11	1153	728	61	20	93.207565	Captain
4	1	67	2	4	0	706	755	508	27	-1	
5	1	67	2	4	1	706	763	45	16	91.108795	naked
5	1	67	2	4	2	757	763	28	15	91.108795	and
5	1	67	2	4	3	792	767	84	15	93.401596	aggressive,
5	1	67	2	4	4	883	760	38	15	96.780891	until
5	1	67	2	4	5	929	760	22	15	96.961258	his
5	1	67	2	4	6	957	759	53	15	96.672478	breath
5	1	67	2	4	7	1017	757	82	16	96.672478	shortened
5	1	67	2	4	8	1105	756	29	16	94.643883	and
5	1	67	2	4	9	1140	756	19	16	96.905403	he
5	1	67	2	4	10	1165	755	23	16	91.560165	felt
5	1	67	2	4	11	1194	756	20	15	96.802429	his
4	1	67	2	5	0	706	784	508	26	-1	
5	1	67	2	5	1	706	791	40	19	90.896530	pulse
5	1	67	2	5	2	753	790	50	20	93.681648	pound
5	1	67	2	5	3	811	789	66	20	96.909973	strongly
5	1	67	2	5	4	884	788	96	20	96.882988	throughout
5	1	67	2	5	5	989	787	22	15	96.921608	his
5	1	67	2	5	6	1018	787	48	14	96.850517	entire
5	1	67	2	5	7	1074	785	43	20	90.480789	body.
5	1	67	2	5	8	1126	785	23	15	90.480789	He
5	1	67	2	5	9	1156	784	33	16	95.671227	held
5	1	67	2	5	10	1196	790	18	9	96.243217	on
4	1	67	2	6	0	706	811	510	26	-1	
5	1	67	2	6	1	706	818	35	14	89.709404	until
5	1	67	2	6	2	751	817	24	15	72.334557	che
5	1	67	2	6	3	784	818	46	19	96.514465	image
5	1	67	2	6	4	838	816	45	16	84.146980	didn't
5	1	67	2	6	5	894	821	60	10	96.387444	interest
5	1	67	2	6	6	964	815	33	15	95.565277	him
5	1	67	2	6	7	1006	820	72	15	95.565277	anymore
5	1	67	2	6	8	1086	813	30	16	96.921036	and
5	1	67	2	6	9	1125	819	7	9	95.352203	a
5	1	67	2	6	10	1141	812	52	21	74.352898	feeling
5	1	67	2	6	11	1200	811	16	16	95.073242	of
4	1	67	2	7	0	706	844	187	16	-1	
5	1	67	2	7	1	706	845	57	15	93.773453	sadness
5	1	67	2	7	2	769	850	40	10	96.563026	came
5	1	67	2	7	3	815	850	34	9	96.742279	over
5	1	67	2	7	4	856	844	37	15	95.320663	him.
3	1	67	3	0	0	706	868	508	159	-1	
4	1	67	3	1	0	722	868	492	24	-1	
5	1	67	3	1	1	722	872	62	19	95.788895	Morgan
5	1	67	3	1	2	791	871	34	21	96.374397	kept
5	1	67	3	1	3	832	871	22	15	96.651840	his
5	1	67	3	1	4	861	878	33	14	96.786308	eyes
5	1	67	3	1	5	901	871	51	15	96.845757	closed
5	1	67	3	1	6	959	871	30	15	96.505707	and
5	1	67	3	1	7	996	870	77	16	95.037018	dreamed.
5	1	67	3	1	8	1081	870	24	15	95.082672	He
5	1	67	3	1	9	1112	868	73	22	96.778450	imagined
5	1	67	3	1	10	1192	868	22	15	96.868698	the
4	1	67	3	2	0	706	896	507	24	-1	
5	1	67	3	2	1	706	899	71	15	96.756706	drowned
5	1	67	3	2	2	787	899	65	15	96.646469	Chinese
5	1	67	3	2	3	863	905	35	9	95.300499	man
5	1	67	3	2	4	910	899	65	21	95.300499	trapped
5	1	67	3	2	5	986	904	14	10	95.831009	at
5	1	67	3	2	6	1011	899	26	15	95.831009	the
5	1	67	3	2	7	1047	898	62	16	79.993820	bottom
5	1	67	3	2	8	1120	896	18	17	96.890381	of
5	1	67	3	2	9	1146	897	24	15	96.745605	the
5	1	67	3	2	10	1180	896	33	15	95.518135	lake,
4	1	67	3	3	0	708	926	505	21	-1	
5	1	67	3	3	1	708	926	89	15	95.719467	underneath
5	1	67	3	3	2	804	927	38	20	96.380402	large
5	1	67	3	3	3	849	927	58	15	96.899208	sunken
5	1	67	3	3	4	916	927	37	20	94.723694	logs.
5	1	67	3	3	5	962	928	25	14	94.723694	He
5	1	67	3	3	6	995	926	75	21	96.244743	imagined
5	1	67	3	3	7	1078	926	26	15	96.244743	the
5	1	67	3	3	8	1111	926	64	14	95.465103	Chinese
5	1	67	3	3	9	1183	929	30	10	95.465103	man
4	1	67	3	4	0	707	953	507	22	-1	
5	1	67	3	4	1	707	953	70	21	91.993423	grabbing
5	1	67	3	4	2	783	955	20	14	96.609085	for
5	1	67	3	4	3	810	954	22	15	96.408363	his
5	1	67	3	4	4	837	954	49	16	96.414742	sword
5	1	67	3	4	5	892	955	27	15	81.585983	bur
5	1	67	3	4	6	927	961	26	9	94.766838	not
5	1	67	3	4	7	960	955	46	20	94.005669	being
5	1	67	3	4	8	1011	955	33	15	94.005669	able
5	1	67	3	4	9	1050	960	16	10	93.774460	to
5	1	67	3	4	10	1072	954	42	16	96.898758	reach
5	1	67	3	4	11	1121	959	15	11	96.662308	it,
5	1	67	3	4	12	1142	959	26	10	95.906380	not
5	1	67	3	4	13	1174	953	40	19	96.760155	being
4	1	67	3	5	0	708	980	506	24	-1	
5	1	67	3	5	1	708	980	31	15	96.372955	able
5	1	67	3	5	2	745	986	15	9	95.113113	to
5	1	67	3	5	3	766	980	28	16	60.998138	free
5	1	67	3	5	4	801	969	56	39	95.373512	himself
5	1	67	3	5	5	866	981	37	16	95.326736	from
5	1	67	3	5	6	911	982	26	16	95.794968	the
5	1	67	3	5	7	944	989	38	10	96.513977	mess
5	1	67	3	5	8	989	983	31	15	96.559448	that
5	1	67	3	5	9	1027	982	63	22	95.732521	trapped
5	1	67	3	5	10	1096	982	38	16	96.878792	him,
5	1	67	3	5	11	1139	981	75	19	96.797554	drowning
4	1	67	3	6	0	708	1007	421	20	-1	
5	1	67	3	6	1	708	1007	28	15	96.943260	and
5	1	67	3	6	2	743	1014	25	9	96.629990	not
5	1	67	3	6	3	776	1008	32	16	96.629990	able
5	1	67	3	6	4	814	1015	15	9	96.848236	to
5	1	67	3	6	5	836	1010	44	15	96.940529	make
5	1	67	3	6	6	887	1011	10	14	96.910088	it
5	1	67	3	6	7	904	1016	16	9	91.533180	to
5	1	67	3	6	8	928	1011	26	15	96.660164	the
5	1	67	3	6	9	961	1010	57	17	96.972504	surface
5	1	67	3	6	10	1025	1010	18	16	96.929642	of
5	1	67	3	6	11	1049	1011	25	15	96.561714	the
5	1	67	3	6	12	1080	1016	49	10	96.960701	water.
3	1	67	4	0	0	708	1035	505	180	-1	
4	1	67	4	1	0	721	1035	492	24	-1	
5	1	67	4	1	1	721	1035	62	20	95.525772	Morgan
5	1	67	4	1	2	790	1036	45	16	96.273926	rolled
5	1	67	4	1	3	841	1043	34	10	96.273926	over
5	1	67	4	1	4	881	1038	30	15	96.556656	and
5	1	67	4	1	5	917	1039	50	15	96.784660	balled
5	1	67	4	1	6	974	1045	25	14	96.793831	up.
5	1	67	4	1	7	1004	1039	34	15	96.543556	The
5	1	67	4	1	8	1043	1039	64	14	96.543556	warmth
5	1	67	4	1	9	1110	1033	12	30	96.985130	of
5	1	67	4	1	10	1124	1037	49	21	95.068550	sleep
5	1	67	4	1	11	1178	1040	35	15	83.255669	crept
4	1	67	4	2	0	708	1062	505	23	-1	
5	1	67	4	2	1	708	1067	33	10	94.727409	over
5	1	67	4	2	2	748	1062	35	16	94.727409	him.
5	1	67	4	2	3	791	1064	23	14	96.860794	He
5	1	67	4	2	4	821	1066	74	19	96.085831	imagined
5	1	67	4	2	5	903	1066	25	15	96.983017	the
5	1	67	4	2	6	935	1066	73	16	96.699692	drowned
5	1	67	4	2	7	1015	1067	66	15	96.699692	Chinese
5	1	67	4	2	8	1088	1072	34	9	96.689178	man
5	1	67	4	2	9	1130	1065	47	20	96.689178	riding
5	1	67	4	2	10	1182	1068	31	15	96.306908	atop
4	1	67	4	3	0	709	1088	504	27	-1	
5	1	67	4	3	1	709	1088	24	15	97.000214	the
5	1	67	4	3	2	738	1088	34	16	89.410240	deer
5	1	67	4	3	3	777	1091	35	15	89.410240	with
5	1	67	4	3	4	818	1098	29	10	95.272964	one
5	1	67	4	3	5	853	1093	52	17	91.723236	antler,
5	1	67	4	3	6	911	1094	78	21	91.723236	galloping
5	1	67	4	3	7	996	1096	14	14	96.718277	in
5	1	67	4	3	8	1017	1095	26	15	96.264542	the
5	1	67	4	3	9	1049	1094	42	16	96.264542	dried
5	1	67	4	3	10	1097	1094	36	16	96.126785	mud
5	1	67	4	3	11	1139	1090	74	18	96.454529	wasteland
4	1	67	4	4	0	709	1115	503	31	-1	
5	1	67	4	4	1	709	1115	32	31	91.586388	that
5	1	67	4	4	2	747	1122	28	10	94.116829	was
5	1	67	4	4	3	782	1118	37	17	92.791939	Lake
5	1	67	4	4	4	826	1120	81	21	75.208084	Missauga.
5	1	67	4	4	5	916	1122	24	16	96.925323	He
5	1	67	4	4	6	947	1128	29	10	96.913475	saw
5	1	67	4	4	7	984	1122	42	16	96.842270	them
5	1	67	4	4	8	1034	1123	50	20	96.944084	riding
5	1	67	4	4	9	1091	1127	31	16	96.965263	past
5	1	67	4	4	10	1130	1121	25	16	93.277008	old
5	1	67	4	4	11	1161	1119	51	17	2.963379	sunke
4	1	67	4	5	0	710	1143	503	28	-1	
5	1	67	4	5	1	710	1143	53	21	95.995979	fishing
5	1	67	4	5	2	768	1144	47	19	96.859489	boats,
5	1	67	4	5	3	821	1153	31	14	96.956718	past
5	1	67	4	5	4	858	1149	74	16	91.520103	corroded
5	1	67	4	5	5	939	1155	65	11	94.726547	treasure
5	1	67	4	5	6	1010	1150	53	17	96.428848	chests,
5	1	67	4	5	7	1069	1156	32	15	96.833931	past
5	1	67	4	5	8	1108	1149	35	22	96.567337	piles
5	1	67	4	5	9	1148	1147	29	17	93.401901	and
5	1	67	4	5	10	1182	1146	31	22	96.623871	piles
4	1	67	4	6	0	710	1170	503	45	-1	
5	1	67	4	6	1	710	1170	74	45	7.732025	La
5	1	67	4	6	2	793	1179	31	15	95.001152	past
5	1	67	4	6	3	833	1174	38	22	96.476677	large
5	1	67	4	6	4	880	1177	59	16	96.204613	chunks
5	1	67	4	6	5	948	1178	18	15	95.395126	of
5	1	67	4	6	6	973	1179	45	15	95.395126	wood
5	1	67	4	6	7	1026	1179	37	15	96.880470	with
5	1	67	4	6	8	1072	1178	26	16	96.127068	old
5	1	67	4	6	9	1108	1177	47	16	88.969048	rusted
5	1	67	4	6	10	1164	1175	49	18	96.728271	fishing
3	1	67	5	0	0	711	1201	501	101	-1	
4	1	67	5	1	0	779	1201	432	26	-1	
5	1	67	5	1	1	779	1201	27	19	74.164787	iged
5	1	67	5	1	2	813	1208	14	9	93.703789	in
5	1	67	5	1	3	833	1202	47	19	93.703789	them,
5	1	67	5	1	4	887	1205	30	15	96.928520	and
5	1	67	5	1	5	924	1211	32	15	96.881668	past
5	1	67	5	1	6	963	1206	40	21	96.623627	large
5	1	67	5	1	7	1008	1206	71	16	95.217407	boulders
5	1	67	5	1	8	1085	1205	61	17	95.217407	covered
5	1	67	5	1	9	1153	1205	14	14	96.828461	in
5	1	67	5	1	10	1173	1206	38	12	76.340073	mos.
4	1	67	5	2	0	711	1222	501	50	-1	
5	1	67	5	2	1	711	1226	127	46	5.440910	chen
5	1	67	5	2	2	847	1231	31	16	87.291763	ride
5	1	67	5	2	3	886	1232	43	17	92.730354	faster
5	1	67	5	2	4	938	1233	30	16	92.730354	and
5	1	67	5	2	5	977	1233	43	17	96.839592	faster
5	1	67	5	2	6	1029	1240	31	25	96.584908	past
5	1	67	5	2	7	1069	1234	18	15	96.663742	all
5	1	67	5	2	8	1096	1233	42	16	95.719658	kinds
5	1	67	5	2	9	1146	1232	18	16	79.866730	of
5	1	67	5	2	10	1170	1222	42	35	94.383011	rusted
4	1	67	5	3	0	711	1257	501	45	-1	
5	1	67	5	3	1	711	1279	53	17	50.587688	fixe
5	1	67	5	3	2	769	1263	43	36	18.197678	ns
5	1	67	5	3	3	832	1259	44	43	3.623894	ve
5	1	67	5	3	4	885	1260	37	31	83.101273	thea
5	1	67	5	3	5	930	1260	35	22	96.894386	they
5	1	67	5	3	6	974	1268	32	9	96.442184	rose
5	1	67	5	3	7	1014	1268	20	15	96.758476	up
5	1	67	5	3	8	1043	1267	33	10	96.758476	into
5	1	67	5	3	9	1084	1261	25	16	96.863876	the
5	1	67	5	3	10	1117	1261	26	20	96.874519	sky
5	1	67	5	3	11	1149	1258	28	17	96.874519	and
5	1	67	5	3	12	1184	1257	28	15	96.365219	flew
3	1	67	6	0	0	711	1282	501	101	-1	
4	1	67	6	1	0	711	1282	500	49	-1	
5	1	67	6	1	1	711	1307	81	22	31.381042	Tre
5	1	67	6	1	2	804	1282	26	49	25.754272	ie
5	1	67	6	1	3	842	1292	19	11	72.021645	ict,
5	1	67	6	1	4	873	1287	23	16	96.466293	like
5	1	67	6	1	5	901	1287	30	16	95.397423	this
5	1	67	6	1	6	936	1288	40	16	96.992470	beast
5	1	67	6	1	7	982	1289	36	16	96.866974	with
5	1	67	6	1	8	1024	1296	29	9	94.522491	one
5	1	67	6	1	9	1058	1289	47	16	94.522491	antler
5	1	67	6	1	10	1110	1295	28	9	96.917236	was
5	1	67	6	1	11	1143	1286	68	42	21.863892	=
4	1	67	6	2	0	712	1315	500	39	-1	
5	1	67	6	2	1	712	1334	35	17	37.740585	ee
5	1	67	6	2	2	756	1319	61	35	20.463524	cae
5	1	67	6	2	3	824	1318	40	26	29.909271	sins
5	1	67	6	2	4	869	1315	31	15	95.250999	and
5	1	67	6	2	5	905	1321	31	10	93.167747	was
5	1	67	6	2	6	942	1316	44	16	93.167747	taken
5	1	67	6	2	7	992	1317	26	16	94.910164	the
5	1	67	6	2	8	1024	1322	59	16	96.736549	strange
5	1	67	6	2	9	1088	1322	35	10	96.839859	man
5	1	67	6	2	10	1129	1316	48	15	94.460579	home.
5	1	67	6	2	11	1191	1337	21	16	2.360977	a
4	1	67	6	3	0	712	1335	471	52	-1	
5	1	67	6	3	1	712	1341	78	46	0.000000	thnisine
5	1	67	6	3	2	796	1340	39	46	44.342552	ee
5	1	67	6	3	3	841	1346	28	14	54.599133	just
5	1	67	6	3	4	877	1348	9	24	26.202408	4
5	1	67	6	3	5	893	1342	42	31	90.392029	large
5	1	67	6	3	6	943	1350	29	14	96.858070	gap
5	1	67	6	3	7	981	1344	19	16	96.858070	of
5	1	67	6	3	8	1007	1344	36	17	96.801918	mud
5	1	67	6	3	9	1052	1344	62	17	96.351448	covered
5	1	67	6	3	10	1123	1343	34	15	96.889885	with
5	1	67	6	3	11	1162	1335	21	39	93.951393	all
3	1	67	7	0	0	831	1366	381	26	-1	
4	1	67	7	1	0	831	1366	381	26	-1	
5	1	67	7	1	1	831	1373	28	10	95.110870	was
5	1	67	7	1	2	865	1368	57	23	85.863640	hiding.
5	1	67	7	1	3	929	1371	66	21	96.655144	Morgan
5	1	67	7	1	4	1000	1372	24	16	96.655144	fell
5	1	67	7	1	5	1030	1372	48	20	95.621269	asleep
5	1	67	7	1	6	1084	1371	67	20	96.950050	thinking
5	1	67	7	1	7	1156	1370	14	14	95.953407	of
5	1	67	7	1	8	1175	1366	37	16	6.926888	tho
2	1	68	0	0	0	713	1384	497	52	-1	
3	1	68	1	0	0	713	1384	497	52	-1	
4	1	68	1	1	0	713	1384	271	29	-1	
5	1	68	1	1	1	713	1384	35	29	83.535271	thin,
5	1	68	1	1	2	790	1393	2	3	85.163399	i
5	1	68	1	1	3	983	1400	1	3	0.000000	g
4	1	68	1	2	0	746	1391	464	30	-1	
5	1	68	1	2	1	746	1396	20	15	59.254547	gs,
5	1	68	1	2	2	775	1387	44	33	96.453575	things
5	1	68	1	2	3	827	1394	29	17	94.622650	that
5	1	68	1	2	4	862	1397	51	16	94.622650	would
5	1	68	1	2	5	919	1398	57	16	91.870865	surface
5	1	68	1	2	6	982	1405	33	10	91.870865	into
5	1	68	1	2	7	1020	1400	50	21	89.993698	reality
5	1	68	1	2	8	1075	1399	63	15	94.210838	without
5	1	68	1	2	9	1143	1401	27	15	96.727745	any
5	1	68	1	2	10	1174	1392	36	17	53.331192	other
4	1	68	1	3	0	713	1416	107	20	-1	
5	1	68	1	3	1	713	1416	40	19	96.233704	place
5	1	68	1	3	2	759	1423	16	10	94.229546	to
5	1	68	1	3	3	781	1419	39	17	91.346642	hide,
2	1	69	0	0	0	1209	113	41	25	-1	
3	1	69	1	0	0	1209	113	41	25	-1	
4	1	69	1	1	0	1209	113	41	25	-1	
5	1	69	1	1	1	1209	113	41	25	95.000000	 
2	1	70	0	0	0	0	1224	1250	19	-1	
3	1	70	1	0	0	0	1224	1250	19	-1	
4	1	70	1	1	0	0	1224	1250	19	-1	
5	1	70	1	1	1	0	1242	41	1	95.000000	 
5	1	70	1	1	2	1238	1224	12	18	95.000000	 
2	1	71	0	0	0	0	1133	1250	304	-1	
3	1	71	1	0	0	0	1133	1250	304	-1	
4	1	71	1	1	0	0	1133	1250	36	-1	
5	1	71	1	1	1	0	1157	43	12	95.000000	 
5	1	71	1	1	2	1240	1133	10	24	95.000000	 
4	1	71	1	2	0	0	1157	1250	28	-1	
5	1	71	1	2	1	0	1169	42	16	95.000000	 
5	1	71	1	2	2	1238	1157	12	12	95.000000	 
4	1	71	1	3	0	0	1169	1250	40	-1	
5	1	71	1	3	1	0	1185	42	24	95.000000	  
5	1	71	1	3	2	1238	1169	12	27	95.000000	  
4	1	71	1	4	0	0	1196	1250	28	-1	
5	1	71	1	4	1	0	1209	42	15	95.000000	 
5	1	71	1	4	2	1238	1196	12	13	95.000000	 
4	1	71	1	5	0	0	1209	1250	39	-1	
5	1	71	1	5	1	0	1224	41	24	95.000000	  
5	1	71	1	5	2	1238	1209	12	15	95.000000	 
4	1	71	1	6	0	0	1242	1250	27	-1	
5	1	71	1	6	1	0	1248	41	21	95.000000	 
5	1	71	1	6	2	1238	1242	12	6	95.000000	  
4	1	71	1	7	0	0	1248	1250	33	-1	
5	1	71	1	7	1	0	1269	40	12	95.000000	 
5	1	71	1	7	2	1236	1248	14	21	95.000000	 
4	1	71	1	8	0	0	1269	1250	36	-1	
5	1	71	1	8	1	0	1281	40	24	95.000000	  
5	1	71	1	8	2	1236	1269	14	12	95.000000	 
4	1	71	1	9	0	0	1281	1250	37	-1	
5	1	71	1	9	1	0	1305	40	13	95.000000	 
5	1	71	1	9	2	1236	1281	14	24	95.000000	  
4	1	71	1	10	0	0	1305	1250	48	-1	
5	1	71	1	10	1	0	1318	40	35	95.000000	  
5	1	71	1	10	2	1236	1305	14	27	95.000000	  
4	1	71	1	11	0	0	1332	1250	55	-1	
5	1	71	1	11	1	0	1353	38	34	95.000000	   
5	1	71	1	11	2	1234	1332	16	47	95.000000	   
4	1	71	1	12	0	0	1379	1250	36	-1	
5	1	71	1	12	1	0	1387	38	28	95.000000	  
5	1	71	1	12	2	1230	1379	20	28	95.000000	  
4	1	71	1	13	0	0	1407	1250	30	-1	
5	1	71	1	13	1	0	1415	38	22	95.000000	 
5	1	71	1	13	2	1222	1407	28	30	95.000000

turning °°

ahi

aaa

walked him, the around pr ssed “What ut still stood at captain, stared a distance

It

window. thought over

Morgan let There was still

something

of her

She

jeans.

and Morgan,
