igh-pay ing cu » custom ers. The cold air Morgan take the BiB Pl Fin smoke. Gushad both his face. The #08 7" forward into the abysmal morning. sropped at ce eee | es rye vi wee line, Morgan stepped out and leaned sffe against his i |
5	1	6	1	8	3	380	312	38	13	96.619751	know
5	1	6	1	8	4	427	310	3	13	87.106445	I
5	1	6	1	8	5	437	313	25	9	95.698822	can
5	1	6	1	8	6	469	311	43	10	95.514038	count
5	1	6	1	8	7	519	310	19	9	94.922440	on
5	1	6	1	8	8	544	309	27	14	94.922440	you
5	1	6	1	8	9	578	301	41	15	84.575470	when
5	1	6	1	8	10	627	300	3	14	66.453217	I
5	1	6	1	8	11	638	296	36	18	96.399185	need
2	1	7	0	0	0	213	313	141	24	-1	
3	1	7	1	0	0	213	313	141	24	-1	
4	1	7	1	1	0	213	313	141	24	-1	
5	1	7	1	1	1	213	324	7	13	69.468399	M
5	1	7	1	1	2	271	330	2	3	25.491577	,”
5	1	7	1	1	3	287	317	28	13	96.728432	Gus
5	1	7	1	1	4	322	313	32	16	93.399857	said.
2	1	8	0	0	0	254	325	421	40	-1	
3	1	8	1	0	0	254	325	421	40	-1	
4	1	8	1	1	0	254	325	421	40	-1	
5	1	8	1	1	1	254	344	50	21	93.153160	paused
5	1	8	1	1	2	315	341	24	16	96.971024	and
5	1	8	1	1	3	347	338	56	18	80.101852	glanced
5	1	8	1	1	4	415	342	9	9	96.700073	at
5	1	8	1	1	5	434	336	20	14	96.257339	the
5	1	8	1	1	6	466	339	62	14	89.006538	treetops
5	1	8	1	1	7	536	331	46	15	96.368591	where
5	1	8	1	1	8	591	329	24	15	96.935959	the
5	1	8	1	1	9	624	325	51	17	96.936005	smoke
2	1	9	0	0	0	258	399	31	41	-1	
3	1	9	1	0	0	258	399	31	41	-1	
4	1	9	1	1	0	258	399	31	18	-1	
5	1	9	1	1	1	258	399	31	18	95.000000	 
4	1	9	1	2	0	267	417	20	23	-1	
5	1	9	1	2	1	267	417	20	23	95.000000	 
2	1	10	0	0	0	190	348	485	100	-1	
3	1	10	1	0	0	191	348	361	43	-1	
4	1	10	1	1	0	193	348	359	16	-1	
5	1	10	1	1	1	193	350	25	14	89.480003	to.”
5	1	10	1	1	2	230	348	14	14	96.767509	He
5	1	10	1	1	3	546	359	6	4	23.204887	fl
4	1	10	1	2	0	191	360	352	31	-1	
5	1	10	1	2	1	191	374	51	17	43.070683	choked
5	1	10	1	2	2	250	374	19	13	96.898537	the
5	1	10	1	2	3	278	371	56	14	94.391525	horizon,
5	1	10	1	2	4	347	365	42	16	79.765213	“Find
5	1	10	1	2	5	397	371	14	9	91.254410	us
5	1	10	1	2	6	418	371	6	8	96.439537	a
5	1	10	1	2	7	432	363	27	16	95.755295	hell
5	1	10	1	2	8	466	363	14	14	96.744576	of
5	1	10	1	2	9	491	367	3	9	96.899483	a
5	1	10	1	2	10	501	360	42	16	47.917324	buck.
3	1	10	2	0	0	190	382	485	66	-1	
4	1	10	2	1	0	212	382	462	34	-1	
5	1	10	2	1	1	212	403	44	13	76.292122	Beyond
5	1	10	2	1	2	291	405	5	7	96.982086	the
5	1	10	2	1	3	308	395	56	17	96.220451	rushing
5	1	10	2	1	4	373	394	47	20	93.375198	planes
5	1	10	2	1	5	430	390	27	16	94.453316	and
5	1	10	2	1	6	467	390	90	19	91.176926	helicopters,
5	1	10	2	1	7	567	386	28	16	95.848206	and
5	1	10	2	1	8	605	385	24	15	96.969109	the
5	1	10	2	1	9	639	382	35	17	92.787651	loud
4	1	10	2	2	0	190	412	485	36	-1	
5	1	10	2	2	1	190	427	56	21	42.796219	splashes
5	1	10	2	2	2	253	429	14	11	80.891998	of
5	1	10	2	2	3	289	430	17	8	84.183037	their
5	1	10	2	2	4	314	423	56	15	84.183037	descent
5	1	10	2	2	5	377	426	18	9	96.039032	on
5	1	10	2	2	6	403	420	24	15	96.902458	the
5	1	10	2	2	7	434	419	34	15	92.293190	lake,
5	1	10	2	2	8	476	418	63	19	92.293190	Morgan
5	1	10	2	2	9	546	414	58	17	94.945473	ambled
5	1	10	2	2	10	612	418	31	10	96.775650	into
5	1	10	2	2	11	651	412	24	15	96.857208	the
2	1	11	0	0	0	189	444	486	25	-1	
3	1	11	1	0	0	189	444	486	25	-1	
4	1	11	1	1	0	189	444	486	25	-1	
5	1	11	1	1	1	189	454	46	15	85.702118	woods
5	1	11	1	1	2	243	436	29	37	96.866119	with
5	1	11	1	1	3	279	452	21	14	96.734634	his
5	1	11	1	1	4	307	450	29	15	94.276741	rifle,
5	1	11	1	1	5	351	450	22	14	93.522285	His
5	1	11	1	1	6	380	451	126	12	96.330009	intention
5	1	11	1	1	7	459	436	26	37	86.805382	was
5	1	11	1	1	8	490	436	16	37	86.805382	to
5	1	11	1	1	9	514	444	32	20	93.530579	help
5	1	11	1	1	10	558	445	25	13	96.794197	Gus
5	1	11	1	1	11	590	445	85	18	96.779503	perpetuate
2	1	12	0	0	0	253	468	422	26	-1	
3	1	12	1	0	0	253	468	422	26	-1	
4	1	12	1	1	0	253	468	422	26	-1	
5	1	12	1	1	1	253	479	51	15	94.402054	dream.
5	1	12	1	1	2	314	479	10	14	96.960175	A
5	1	12	1	1	3	335	482	59	9	96.790764	monster
5	1	12	1	1	4	406	474	37	16	96.497902	buck
5	1	12	1	1	5	453	474	45	20	94.273949	might
5	1	12	1	1	6	509	472	38	16	94.273949	draw
5	1	12	1	1	7	556	471	60	15	96.915962	hunters
5	1	12	1	1	8	626	475	15	10	96.413956	to
5	1	12	1	1	9	651	468	24	16	96.220291	the
2	1	13	0	0	0	189	482	486	42	-1	
3	1	13	1	0	0	189	482	486	42	-1	
4	1	13	1	1	0	189	482	54	17	-1	
5	1	13	1	1	1	189	488	4	8	94.377823	a
5	1	13	1	1	2	203	482	40	17	94.597450	dying
4	1	13	1	2	0	267	499	408	25	-1	
5	1	13	1	2	1	267	512	21	9	58.856918	site
5	1	13	1	2	2	300	505	23	15	96.224190	the
5	1	13	1	2	3	332	504	76	20	93.926781	spreading
5	1	13	1	2	4	418	503	25	15	96.848076	fire
5	1	13	1	2	5	453	508	47	9	96.215462	across
5	1	13	1	2	6	511	501	23	15	96.952782	the
5	1	13	1	2	7	545	500	35	15	95.251892	lake,
5	1	13	1	2	8	590	504	17	10	96.883652	or
5	1	13	1	2	9	617	504	15	8	96.226395	so
5	1	13	1	2	10	643	499	32	13	96.882713	Gus
2	1	14	0	0	0	232	490	35	36	-1	
3	1	14	1	0	0	232	490	35	36	-1	
4	1	14	1	1	0	243	490	5	17	-1	
5	1	14	1	1	1	243	490	5	17	95.000000	 
4	1	14	1	2	0	232	507	35	19	-1	
5	1	14	1	2	1	232	507	35	19	95.000000	  
2	1	15	0	0	0	188	509	77	19	-1	
3	1	15	1	0	0	188	509	77	19	-1	
4	1	15	1	1	0	188	509	77	19	-1	
5	1	15	1	1	1	188	509	40	19	92.943489	lodge
5	1	15	1	1	2	254	513	11	13	92.943489	desp
2	1	16	0	0	0	264	516	3	10	-1	
3	1	16	1	0	0	264	516	3	10	-1	
4	1	16	1	1	0	264	516	3	10	-1	
5	1	16	1	1	1	264	516	3	10	95.000000	 
2	1	17	0	0	0	186	534	490	345	-1	
3	1	17	1	0	0	187	534	60	16	-1	
4	1	17	1	1	0	187	534	60	16	-1	
5	1	17	1	1	1	187	534	60	16	96.565552	believed
3	1	17	2	0	0	186	553	490	190	-1	
4	1	17	2	1	0	204	553	470	24	-1	
5	1	17	2	1	1	204	562	39	15	93.184242	There
5	1	17	2	1	2	250	567	34	8	96.937759	were
5	1	17	2	1	3	291	566	39	10	96.691345	many
5	1	17	2	1	4	339	559	51	15	96.065025	animal
5	1	17	2	1	5	397	558	46	16	96.715324	tracks
5	1	17	2	1	6	450	557	27	16	96.863098	and
5	1	17	2	1	7	484	563	28	9	96.885056	scat
5	1	17	2	1	8	519	557	39	20	95.838402	piles,
5	1	17	2	1	9	565	556	25	15	96.868469	but
5	1	17	2	1	10	598	561	39	9	92.991364	none
5	1	17	2	1	11	643	553	31	16	92.991364	lead
4	1	17	2	2	0	187	582	488	23	-1	
5	1	17	2	2	1	187	590	28	13	96.747299	him
5	1	17	2	2	2	223	594	13	9	93.023132	to
5	1	17	2	2	3	244	595	7	8	93.023132	a
5	1	17	2	2	4	258	593	24	10	86.362419	tree
5	1	17	2	2	5	293	588	25	14	94.499847	rub
5	1	17	2	2	6	326	593	14	8	95.121422	or
5	1	17	2	2	7	349	587	52	14	88.634438	matted
5	1	17	2	2	8	410	587	43	14	96.780304	down
5	1	17	2	2	9	460	592	43	13	96.225800	grass,
5	1	17	2	2	10	510	584	70	20	96.950455	anything
5	1	17	2	2	11	587	583	30	15	93.640518	that
5	1	17	2	2	12	625	582	50	15	96.933418	would
4	1	17	2	3	0	186	611	488	22	-1	
5	1	17	2	3	1	186	622	53	9	95.283386	suggest
5	1	17	2	3	2	250	622	6	8	95.716148	a
5	1	17	2	3	3	266	616	30	14	90.344208	deer
5	1	17	2	3	4	308	615	27	14	92.256149	had
5	1	17	2	3	5	346	615	35	14	92.256149	been
5	1	17	2	3	6	390	614	56	14	93.257401	around.
5	1	17	2	3	7	461	614	59	19	90.019417	They're
5	1	17	2	3	8	529	611	71	21	96.287224	spooked,
5	1	17	2	3	9	611	611	63	19	96.980087	Morgan
4	1	17	2	4	0	187	638	487	24	-1	
5	1	17	2	4	1	187	643	58	19	95.159981	thought.
5	1	17	2	4	2	269	643	12	14	96.900124	He
5	1	17	2	4	3	288	642	58	15	96.828217	reached
5	1	17	2	4	4	352	647	25	9	96.969719	out
5	1	17	2	4	5	384	641	27	15	96.571442	and
5	1	17	2	4	6	418	641	45	15	96.571442	broke
5	1	17	2	4	7	469	640	74	16	96.891884	branches,
5	1	17	2	4	8	550	640	57	19	96.481598	blazing
5	1	17	2	4	9	613	638	22	15	96.481598	his
5	1	17	2	4	10	641	643	33	10	96.585297	own
4	1	17	2	5	0	187	666	488	23	-1	
5	1	17	2	5	1	187	670	32	19	96.665382	path
5	1	17	2	5	2	228	670	34	14	96.571884	back
5	1	17	2	5	3	270	675	15	9	96.718163	to
5	1	17	2	5	4	293	669	21	15	96.718163	the
5	1	17	2	5	5	324	669	32	14	83.004921	ATV.
5	1	17	2	5	6	372	669	9	14	91.301811	It
5	1	17	2	5	7	390	675	27	8	96.307922	was
5	1	17	2	5	8	426	675	13	8	96.597466	in
5	1	17	2	5	9	448	668	30	15	96.597466	that
5	1	17	2	5	10	487	673	65	10	96.960007	moment
5	1	17	2	5	11	560	667	18	15	97.005226	of
5	1	17	2	5	12	584	667	51	15	96.434425	reverie
5	1	17	2	5	13	644	666	31	15	95.495972	that
4	1	17	2	6	0	188	693	488	23	-1	
5	1	17	2	6	1	188	698	64	18	96.429153	Morgan,
5	1	17	2	6	2	260	702	25	9	96.433060	out
5	1	17	2	6	3	293	703	8	8	96.967606	of
5	1	17	2	6	4	303	696	35	15	96.959679	the
5	1	17	2	6	5	345	702	47	9	95.240608	corner
5	1	17	2	6	6	401	695	17	16	94.931412	of
5	1	17	2	6	7	424	696	21	15	94.931412	his
5	1	17	2	6	8	452	702	36	13	86.373260	eyes,
5	1	17	2	6	9	496	701	27	9	87.875107	saw
5	1	17	2	6	10	530	701	7	9	87.875107	a
5	1	17	2	6	11	544	695	32	15	83.108795	deer
5	1	17	2	6	12	584	695	44	14	96.704468	about
5	1	17	2	6	13	637	693	39	20	96.204651	forty
4	1	17	2	7	0	187	722	380	21	-1	
5	1	17	2	7	1	187	724	38	15	95.568939	yards
5	1	17	2	7	2	234	730	37	8	93.305679	away,
5	1	17	2	7	3	279	724	75	19	85.818848	slaloming
5	1	17	2	7	4	360	723	24	15	96.989143	the
5	1	17	2	7	5	390	723	50	15	95.183250	trunks
5	1	17	2	7	6	446	729	8	8	96.874809	of
5	1	17	2	7	7	458	722	63	15	96.164276	leafless
5	1	17	2	7	8	528	728	39	9	93.864777	trees.
3	1	17	3	0	0	187	749	489	130	-1	
4	1	17	3	1	0	198	749	476	21	-1	
5	1	17	3	1	1	198	752	60	18	95.777992	Morgan
5	1	17	3	1	2	264	751	42	14	95.938911	raised
5	1	17	3	1	3	311	751	21	14	85.755997	his
5	1	17	3	1	4	338	750	33	15	85.755997	rifle,
5	1	17	3	1	5	376	751	59	19	96.892265	shoving
5	1	17	3	1	6	441	751	23	14	96.844398	the
5	1	17	3	1	7	469	750	31	15	96.420280	butt
5	1	17	3	1	8	506	756	8	8	94.747147	of
5	1	17	3	1	9	524	749	12	16	82.534851	it
5	1	17	3	1	10	542	755	30	9	82.534851	into
5	1	17	3	1	11	577	750	21	14	84.033203	his
5	1	17	3	1	12	603	749	71	15	84.033203	shoulder.
4	1	17	3	2	0	188	777	488	21	-1	
5	1	17	3	2	1	188	779	21	13	96.989441	He
5	1	17	3	2	2	216	778	43	14	96.819939	flexed
5	1	17	3	2	3	267	778	20	14	96.776024	his
5	1	17	3	2	4	294	778	60	20	96.130547	pectoral
5	1	17	3	2	5	362	778	52	14	89.519028	muscle
5	1	17	3	2	6	420	783	15	9	96.832787	to
5	1	17	3	2	7	442	777	48	20	96.354057	steady
5	1	17	3	2	8	496	783	15	9	90.878769	it.
5	1	17	3	2	9	523	777	24	15	90.878769	The
5	1	17	3	2	10	554	778	32	14	86.989410	deer
5	1	17	3	2	11	593	777	57	15	95.686806	hustled
5	1	17	3	2	12	657	777	19	20	96.957619	by
4	1	17	3	3	0	187	804	488	21	-1	
5	1	17	3	3	1	187	805	56	15	94.625259	blurred
5	1	17	3	3	2	250	811	50	9	94.985489	images
5	1	17	3	3	3	306	807	14	13	96.698944	of
5	1	17	3	3	4	327	806	34	14	96.967140	dark
5	1	17	3	3	5	367	810	34	10	86.999809	trees
5	1	17	3	3	6	408	811	13	9	96.883835	in
5	1	17	3	3	7	429	805	21	15	96.702972	the
5	1	17	3	3	8	459	811	36	9	93.277512	cross
5	1	17	3	3	9	501	805	37	15	79.526489	haits
5	1	17	3	3	10	544	806	14	14	96.987007	of
5	1	17	3	3	11	565	805	24	15	93.145638	the
5	1	17	3	3	12	595	804	80	21	86.654327	riflescope.
4	1	17	3	4	0	188	832	487	20	-1	
5	1	17	3	4	1	188	832	10	14	96.741974	It
5	1	17	3	4	2	206	832	50	14	89.506500	looked
5	1	17	3	4	3	264	837	14	9	96.900253	to
5	1	17	3	4	4	285	832	17	14	93.785225	be
5	1	17	3	4	5	309	838	6	8	96.167274	a
5	1	17	3	4	6	322	832	52	19	96.399055	trophy
5	1	17	3	4	7	381	832	28	15	94.169106	kill;
5	1	17	3	4	8	417	832	51	20	96.960579	maybe
5	1	17	3	4	9	475	838	34	9	93.797371	even
5	1	17	3	4	10	516	838	7	9	87.092651	a
5	1	17	3	4	11	532	833	72	19	87.092651	12-point.
5	1	17	3	4	12	611	832	64	20	96.990143	Morgan
4	1	17	3	5	0	187	859	488	20	-1	
5	1	17	3	5	1	187	859	66	14	96.787170	breathed
5	1	17	3	5	2	259	859	52	19	90.961143	deeply.
5	1	17	3	5	3	317	859	46	14	96.970596	When
5	1	17	3	5	4	369	848	21	35	96.501427	his
5	1	17	3	5	5	395	865	29	8	96.289871	arms
5	1	17	3	5	6	437	859	54	16	81.626328	settled,
5	1	17	3	5	7	498	859	17	15	96.883507	he
5	1	17	3	5	8	520	859	68	20	88.761826	squeezed
5	1	17	3	5	9	594	859	24	16	96.970139	the
5	1	17	3	5	10	624	860	51	19	92.614586	trigger
2	1	18	0	0	0	261	818	12	7	-1	
3	1	18	1	0	0	261	818	12	7	-1	
4	1	18	1	1	0	261	818	12	7	-1	
5	1	18	1	1	1	261	818	12	7	95.000000	 
2	1	19	0	0	0	179	886	499	435	-1	
3	1	19	1	0	0	187	886	490	42	-1	
4	1	19	1	1	0	187	886	490	22	-1	
5	1	19	1	1	1	187	886	27	14	96.902451	and
5	1	19	1	1	2	221	886	50	14	95.748329	smoke
5	1	19	1	1	3	277	886	78	19	96.427879	enveloped
5	1	19	1	1	4	362	886	23	15	96.992950	the
5	1	19	1	1	5	393	892	45	14	95.811485	image
5	1	19	1	1	6	445	886	18	15	95.811485	of
5	1	19	1	1	7	468	886	23	15	96.612778	the
5	1	19	1	1	8	498	886	58	15	95.442413	athletic
5	1	19	1	1	9	563	886	52	16	96.647736	animal
5	1	19	1	1	10	623	886	54	22	94.847992	sliding
4	1	19	1	2	0	187	912	228	16	-1	
5	1	19	1	2	1	187	918	45	8	95.797485	across
5	1	19	1	2	2	239	913	46	14	96.136887	fallen,
5	1	19	1	2	3	292	912	68	16	96.869225	browned
5	1	19	1	2	4	367	913	48	15	86.085251	leaves.
3	1	19	2	0	0	182	939	495	241	-1	
4	1	19	2	1	0	200	939	476	22	-1	
5	1	19	2	1	1	200	939	40	15	86.613319	After
5	1	19	2	1	2	245	939	60	20	93.297287	roughly
5	1	19	2	1	3	312	941	88	14	92.965294	30-minutes
5	1	19	2	1	4	407	941	61	20	92.429253	Morgan
5	1	19	2	1	5	476	941	45	15	96.877480	found
5	1	19	2	1	6	528	941	24	15	96.295631	the
5	1	19	2	1	7	557	941	31	15	90.302406	deer
5	1	19	2	1	8	596	947	19	10	90.302406	on
5	1	19	2	1	9	623	943	17	14	93.984665	its
5	1	19	2	1	10	645	942	31	15	95.810310	side
4	1	19	2	2	0	187	966	489	23	-1	
5	1	19	2	2	1	187	972	13	8	96.408676	in
5	1	19	2	2	2	208	972	7	8	96.436501	a
5	1	19	2	2	3	223	966	27	20	92.557892	pile
5	1	19	2	2	4	257	969	13	12	96.665932	of
5	1	19	2	2	5	279	972	40	15	92.811661	twigs
5	1	19	2	2	6	326	967	27	15	96.783409	and
5	1	19	2	2	7	362	967	47	15	89.806244	leaves.
5	1	19	2	2	8	425	968	22	14	89.806244	He
5	1	19	2	2	9	454	968	50	15	96.311874	kicked
5	1	19	2	2	10	513	973	9	10	93.482880	it
5	1	19	2	2	11	530	968	50	21	96.282494	lightly
5	1	19	2	2	12	588	970	14	14	96.432648	in
5	1	19	2	2	13	609	969	25	16	96.875206	the
5	1	19	2	2	14	642	970	34	17	95.511772	ribs,
4	1	19	2	3	0	186	994	490	24	-1	
5	1	19	2	3	1	186	994	58	20	96.928947	making
5	1	19	2	3	2	252	1000	30	8	96.912788	sure
5	1	19	2	3	3	291	999	9	9	96.870529	it
5	1	19	2	3	4	309	1000	27	8	96.698921	was
5	1	19	2	3	5	344	994	40	16	96.698921	dead,
5	1	19	2	3	6	392	995	40	15	96.853638	then,
5	1	19	2	3	7	441	1000	13	10	96.853638	as
5	1	19	2	3	8	463	995	17	15	96.907158	he
5	1	19	2	3	9	488	995	28	15	96.907158	had
5	1	19	2	3	10	524	1002	32	9	94.168472	seen
5	1	19	2	3	11	564	997	32	15	96.996567	Gus
5	1	19	2	3	12	604	997	20	15	96.911598	do
5	1	19	2	3	13	632	1004	44	14	96.960617	many
4	1	19	2	4	0	186	1021	490	21	-1	
5	1	19	2	4	1	186	1026	46	10	96.900459	times,
5	1	19	2	4	2	237	1021	17	14	96.975464	he
5	1	19	2	4	3	261	1021	57	20	95.211845	wedged
5	1	19	2	4	4	324	1022	22	14	96.926407	his
5	1	19	2	4	5	351	1022	35	15	95.085045	boot
5	1	19	2	4	6	392	1022	45	15	96.176567	under
5	1	19	2	4	7	443	1023	25	15	93.305176	the
5	1	19	2	4	8	473	1023	42	16	64.731064	deer’s
5	1	19	2	4	9	521	1023	36	16	96.868622	head
5	1	19	2	4	10	563	1024	28	16	96.317413	and
5	1	19	2	4	11	597	1024	41	17	92.444954	lifted
5	1	19	2	4	12	645	1026	9	15	96.182823	it
5	1	19	2	4	13	660	1032	16	10	94.406723	to
4	1	19	2	5	0	185	1048	492	21	-1	
5	1	19	2	5	1	185	1053	42	9	96.515129	count
5	1	19	2	5	2	235	1048	23	14	96.515129	the
5	1	19	2	5	3	263	1053	71	15	92.230469	points
5	1	19	2	5	4	316	1038	17	37	92.230469	on
5	1	19	2	5	5	340	1049	24	14	96.061913	the
5	1	19	2	5	6	370	1049	35	15	96.061913	rack.
5	1	19	2	5	7	411	1050	48	15	96.962784	When
5	1	19	2	5	8	464	1050	18	15	96.462837	he
5	1	19	2	5	9	487	1050	51	16	96.290001	turned
5	1	19	2	5	10	544	1052	17	15	96.928398	its
5	1	19	2	5	11	566	1051	36	16	95.329185	head
5	1	19	2	5	12	608	1051	38	17	96.485527	from
5	1	19	2	5	13	652	1053	25	16	96.506813	the
4	1	19	2	6	0	185	1075	492	22	-1	
5	1	19	2	6	1	185	1075	43	14	96.321793	leaves
5	1	19	2	6	2	234	1075	18	14	96.729248	he
5	1	19	2	6	3	258	1075	45	15	96.917801	found
5	1	19	2	6	4	309	1076	34	19	84.987053	only
5	1	19	2	6	5	349	1082	6	9	84.987053	a
5	1	19	2	6	6	362	1076	29	15	92.168442	nub
5	1	19	2	6	7	398	1076	16	15	96.439682	of
5	1	19	2	6	8	421	1083	14	9	93.174698	an
5	1	19	2	6	9	441	1077	74	16	84.462631	antler—a
5	1	19	2	6	10	520	1078	59	16	94.944504	smooth
5	1	19	2	6	11	585	1079	44	17	93.765511	white
5	1	19	2	6	12	634	1081	43	16	21.191849	circle
4	1	19	2	7	0	183	1101	494	24	-1	
5	1	19	2	7	1	183	1101	18	15	96.525024	of
5	1	19	2	7	2	207	1102	37	15	96.051575	bone
5	1	19	2	7	3	252	1102	45	20	96.878639	edged
5	1	19	2	7	4	305	1103	34	15	96.497231	with
5	1	19	2	7	5	347	1103	39	16	90.785873	dried
5	1	19	2	7	6	395	1104	24	15	96.353004	red
5	1	19	2	7	7	427	1104	28	16	94.877426	and
5	1	19	2	7	8	464	1104	41	16	96.918945	black
5	1	19	2	7	9	513	1106	47	15	94.112854	tissue.
5	1	19	2	7	10	569	1107	11	15	96.234756	It
5	1	19	2	7	11	589	1107	53	17	95.130562	looked
5	1	19	2	7	12	651	1114	26	11	96.614670	too
4	1	19	2	8	0	182	1129	495	24	-1	
5	1	19	2	8	1	182	1129	59	15	95.922127	smooth
5	1	19	2	8	2	246	1135	15	9	96.613983	to
5	1	19	2	8	3	267	1130	34	15	95.989235	have
5	1	19	2	8	4	306	1130	34	16	95.989235	been
5	1	19	2	8	5	347	1131	52	15	93.357368	broken
5	1	19	2	8	6	405	1131	25	16	96.901398	off.
5	1	19	2	8	7	436	1133	26	14	96.976280	On
5	1	19	2	8	8	468	1138	25	15	96.781204	top
5	1	19	2	8	9	498	1133	17	15	91.806419	of
5	1	19	2	8	10	519	1134	16	15	89.053894	its
5	1	19	2	8	11	539	1134	36	16	89.053894	head
5	1	19	2	8	12	580	1141	28	10	96.996414	was
5	1	19	2	8	13	613	1136	64	17	96.628181	Chinese
4	1	19	2	9	0	182	1157	450	23	-1	
5	1	19	2	9	1	182	1157	66	20	95.899590	lettering
5	1	19	2	9	2	254	1157	64	16	96.870064	branded
5	1	19	2	9	3	325	1158	64	16	83.843208	between
5	1	19	2	9	4	396	1159	24	15	95.971855	the
5	1	19	2	9	5	427	1160	30	15	95.201103	nub
5	1	19	2	9	6	464	1161	28	15	94.477348	and
5	1	19	2	9	7	499	1160	24	17	94.477348	the
5	1	19	2	9	8	529	1161	47	17	96.248390	whole
5	1	19	2	9	9	582	1163	50	17	89.479050	antler,
3	1	19	3	0	0	179	1185	499	136	-1	
4	1	19	3	1	0	194	1185	483	24	-1	
5	1	19	3	1	1	194	1185	62	20	96.622108	Morgan
5	1	19	3	1	2	262	1185	49	20	96.610840	pulled
5	1	19	3	1	3	316	1192	8	8	95.227058	a
5	1	19	3	1	4	329	1185	39	16	91.712357	knife
5	1	19	3	1	5	373	1186	37	16	93.613289	from
5	1	19	3	1	6	416	1187	22	15	93.613289	his
5	1	19	3	1	7	444	1187	28	16	96.376450	belt
5	1	19	3	1	8	478	1189	28	15	96.376450	and
5	1	19	3	1	9	512	1195	24	10	96.755379	cut
5	1	19	3	1	10	541	1189	25	17	96.762413	the
5	1	19	3	1	11	573	1174	31	39	83.116501	deer
5	1	19	3	1	12	612	1174	37	39	96.108246	down
5	1	19	3	1	13	660	1194	17	15	95.154701	its
4	1	19	3	2	0	180	1212	496	26	-1	
5	1	19	3	2	1	180	1212	39	15	93.718254	chest
5	1	19	3	2	2	229	1218	15	9	95.483231	to
5	1	19	3	2	3	254	1218	17	9	95.931458	its
5	1	19	3	2	4	280	1213	40	20	96.279686	belly.
5	1	19	3	2	5	331	1214	23	15	96.843033	He
5	1	19	3	2	6	363	1214	55	20	96.933662	pushed
5	1	19	3	2	7	428	1215	22	15	96.607803	his
5	1	19	3	2	8	459	1215	46	17	96.607803	hands
5	1	19	3	2	9	515	1217	31	16	96.761841	into
5	1	19	3	2	10	555	1217	25	17	96.430725	the
5	1	19	3	2	11	589	1225	29	10	69.516800	cut.
5	1	19	3	2	12	627	1221	13	15	94.085190	A
5	1	19	3	2	13	649	1227	27	11	95.248573	wet
4	1	19	3	3	0	180	1240	497	26	-1	
5	1	19	3	3	1	180	1240	75	20	92.682228	squishing
5	1	19	3	3	2	263	1241	47	15	93.305649	sound
5	1	19	3	3	3	319	1241	60	16	91.577484	belched
5	1	19	3	3	4	387	1248	14	9	96.963150	as
5	1	19	3	3	5	409	1242	18	16	96.963150	he
5	1	19	3	3	6	435	1243	50	20	95.549370	pulled
5	1	19	3	3	7	493	1250	25	10	89.045685	out
5	1	19	3	3	8	528	1245	24	16	96.676170	the
5	1	19	3	3	9	558	1247	59	16	96.638199	entrails
5	1	19	3	3	10	625	1249	36	16	96.942841	with
5	1	19	3	3	11	670	1257	7	9	96.468353	a
4	1	19	3	4	0	180	1268	498	26	-1	
5	1	19	3	4	1	180	1268	76	15	92.246170	bandanna
5	1	19	3	4	2	262	1268	29	16	94.379715	tied
5	1	19	3	4	3	296	1269	56	16	94.379715	around
5	1	19	3	4	4	358	1269	22	16	96.630730	his
5	1	19	3	4	5	385	1270	30	15	90.948380	face
5	1	19	3	4	6	420	1276	15	9	90.948380	to
5	1	19	3	4	7	441	1270	51	17	73.035461	thwart
5	1	19	3	4	8	498	1272	24	16	96.666420	the
5	1	19	3	4	9	528	1274	68	16	96.381454	intrusive
5	1	19	3	4	10	600	1276	47	17	86.510620	smell,
5	1	19	3	4	11	654	1277	24	17	96.686958	He
4	1	19	3	5	0	179	1295	499	26	-1	
5	1	19	3	5	1	179	1295	23	16	90.929703	felt
5	1	19	3	5	2	210	1295	17	21	96.949028	by
5	1	19	3	5	3	234	1296	24	15	88.870590	the
5	1	19	3	5	4	263	1296	33	15	89.366013	deer
5	1	19	3	5	5	302	1296	18	15	96.899727	he
5	1	19	3	5	6	325	1296	49	19	95.798737	killed,
5	1	19	3	5	7	380	1298	47	15	95.798737	which
5	1	19	3	5	8	433	1299	35	16	95.976692	with
5	1	19	3	5	9	475	1306	28	9	95.742271	one
5	1	19	3	5	10	509	1300	45	17	92.559158	antler
5	1	19	3	5	11	559	1302	69	18	84.762276	wouldn't
5	1	19	3	5	12	635	1305	43	16	96.978622	make
2	1	20	0	0	0	172	1324	507	194	-1	
3	1	20	1	0	0	174	1324	504	139	-1	
4	1	20	1	1	0	177	1324	501	26	-1	
5	1	20	1	1	1	177	1330	7	8	75.748016	a
5	1	20	1	1	2	192	1324	40	20	75.748016	good
5	1	20	1	1	3	242	1330	52	9	96.641830	mount.
5	1	20	1	1	4	317	1325	68	21	96.657173	Bringing
5	1	20	1	1	5	393	1332	7	9	96.861847	a
5	1	20	1	1	6	410	1326	38	16	96.943001	freak
5	1	20	1	1	7	456	1327	34	16	92.880447	deer
5	1	20	1	1	8	498	1328	37	16	96.807449	back
5	1	20	1	1	9	544	1334	15	11	94.587112	to
5	1	20	1	1	10	567	1331	32	15	94.587112	Gus
5	1	20	1	1	11	607	1332	71	18	89.179138	wouldn't
4	1	20	1	2	0	176	1352	502	31	-1	
5	1	20	1	2	1	176	1357	61	15	91.101578	support
5	1	20	1	2	2	244	1352	30	16	94.871941	that
5	1	20	1	2	3	282	1353	101	21	14.621849	“everything's
5	1	20	1	2	4	389	1354	17	15	14.621849	all
5	1	20	1	2	5	413	1354	46	21	94.829079	right”
5	1	20	1	2	6	466	1354	49	17	95.261414	facade
5	1	20	1	2	7	521	1356	18	17	96.744026	he
5	1	20	1	2	8	544	1363	38	11	96.948685	wore
5	1	20	1	2	9	589	1358	27	17	95.625854	like
5	1	20	1	2	10	622	1366	8	10	55.447899	a
5	1	20	1	2	11	636	1361	42	22	55.447899	tacky
4	1	20	1	3	0	176	1379	502	27	-1	
5	1	20	1	3	1	176	1379	23	16	93.289536	life
5	1	20	1	3	2	203	1386	74	14	84.788612	preserver.
5	1	20	1	3	3	283	1381	62	20	96.805229	Morgan
5	1	20	1	3	4	350	1381	35	16	96.891556	tried
5	1	20	1	3	5	390	1383	87	21	91.144066	convincing
5	1	20	1	3	6	484	1375	56	35	94.523773	himself
5	1	20	1	3	7	545	1375	28	35	94.523773	that
5	1	20	1	3	8	578	1387	32	16	96.925667	Gus
5	1	20	1	3	9	615	1388	63	18	62.069977	couldn't
4	1	20	1	4	0	175	1407	503	31	-1	
5	1	20	1	4	1	175	1407	43	21	96.574875	really
5	1	20	1	4	2	226	1414	50	15	96.927727	expect
5	1	20	1	4	3	285	1408	31	16	96.875893	him
5	1	20	1	4	4	326	1415	15	10	88.547394	to
5	1	20	1	4	5	350	1409	42	22	96.786697	bring
5	1	20	1	4	6	400	1410	37	16	96.696045	back
5	1	20	1	4	7	446	1417	7	10	96.510338	a
5	1	20	1	4	8	461	1411	33	16	94.904037	deer
5	1	20	1	4	9	504	1412	28	17	94.913231	and
5	1	20	1	4	10	541	1413	18	16	96.967659	he
5	1	20	1	4	11	568	1414	73	23	96.176285	probably
5	1	20	1	4	12	649	1417	29	21	95.576973	just
4	1	20	1	5	0	174	1436	434	27	-1	
5	1	20	1	5	1	174	1436	43	16	64.543167	didn't
5	1	20	1	5	2	225	1442	37	10	96.968307	want
5	1	20	1	5	3	270	1437	53	21	96.900955	people
5	1	20	1	5	4	329	1437	74	22	93.878876	brooding
5	1	20	1	5	5	408	1439	59	17	96.591072	around
5	1	20	1	5	6	473	1440	25	16	96.886993	the
5	1	20	1	5	7	504	1440	44	22	96.373734	lodge
5	1	20	1	5	8	553	1441	18	16	96.830666	all
5	1	20	1	5	9	577	1442	31	21	95.179207	day,
3	1	20	2	0	0	172	1465	507	53	-1	
4	1	20	2	1	0	188	1465	490	24	-1	
5	1	20	2	1	1	188	1465	64	20	96.145424	Morgan
5	1	20	2	1	2	258	1465	44	16	93.982506	stood
5	1	20	2	1	3	309	1471	20	16	94.838425	up
5	1	20	2	1	4	335	1466	29	16	94.838425	and
5	1	20	2	1	5	370	1472	25	15	96.461983	put
5	1	20	2	1	6	403	1466	37	17	96.645264	both
5	1	20	2	1	7	447	1467	47	17	96.877022	hands
5	1	20	2	1	8	500	1474	20	10	96.787277	on
5	1	20	2	1	9	526	1468	22	17	96.787277	his
5	1	20	2	1	10	555	1468	44	18	95.166672	lower
5	1	20	2	1	11	605	1470	42	17	95.248283	back.
5	1	20	2	1	12	654	1473	24	16	96.799538	He
4	1	20	2	2	0	172	1493	507	25	-1	
5	1	20	2	2	1	172	1493	73	16	96.438889	stretched
5	1	20	2	2	2	256	1494	79	16	96.876724	backward
5	1	20	2	2	3	345	1494	29	16	95.876495	and
5	1	20	2	2	4	383	1495	69	20	94.590813	yawned,
5	1	20	2	2	5	461	1497	56	21	94.590813	staring
5	1	20	2	2	6	526	1502	14	11	96.534851	at
5	1	20	2	2	7	550	1497	26	17	96.943909	the
5	1	20	2	2	8	584	1498	57	18	96.168152	distant
5	1	20	2	2	9	651	1500	28	17	94.048546	fire
2	1	21	0	0	0	0	1530	704	24	-1	
3	1	21	1	0	0	0	1530	704	24	-1	
4	1	21	1	1	0	0	1530	704	24	-1	
5	1	21	1	1	1	0	1530	704	24	95.000000	 
2	1	22	0	0	0	702	123	528	81	-1	
3	1	22	1	0	0	783	123	447	37	-1	
4	1	22	1	1	0	783	123	447	37	-1	
5	1	22	1	1	1	783	144	3	14	3.034966	h
5	1	22	1	1	2	829	144	16	16	92.520081	ps
5	1	22	1	1	3	855	142	13	9	92.520081	in
5	1	22	1	1	4	879	134	25	16	96.820175	the
5	1	22	1	1	5	914	136	38	11	90.937569	trees
5	1	22	1	1	6	969	128	67	19	96.699272	Morgan
5	1	22	1	1	7	1047	123	25	16	71.983368	felt
5	1	22	1	1	8	1083	123	26	16	96.203125	the
5	1	22	1	1	9	1118	129	73	15	96.548973	paranoia
5	1	22	1	1	10	1201	123	29	18	96.116608	thar
3	1	22	2	0	0	716	147	426	13	-1	
4	1	22	2	1	0	716	147	426	13	-1	
5	1	22	2	1	1	716	152	50	8	29.403564	ween
5	1	22	2	1	2	776	150	22	9	95.057358	the
5	1	22	2	1	3	810	147	16	11	56.806870	ga)
5	1	22	2	1	4	1032	154	2	3	13.042213	’
5	1	22	2	1	5	1091	154	3	1	14.194786	.
5	1	22	2	1	6	1139	152	3	2	0.000000	c
3	1	22	3	0	0	702	152	528	38	-1	
4	1	22	3	1	0	702	152	528	34	-1	
5	1	22	3	1	1	702	152	60	24	27.720154	between
5	1	22	3	1	2	793	172	4	14	52.385017	‘
5	1	22	3	1	3	810	159	27	25	64.482224	‘ing
5	1	22	3	1	4	848	166	40	16	90.867455	alone
5	1	22	3	1	5	896	169	14	8	90.867455	in
5	1	22	3	1	6	918	161	25	15	96.772377	the
5	1	22	3	1	7	950	156	55	17	96.632103	woods.
5	1	22	3	1	8	1018	155	10	15	84.806602	It’s
5	1	22	3	1	9	1035	154	37	15	96.846542	the
5	1	22	3	1	10	1079	153	38	16	96.753227	kind
5	1	22	3	1	11	1123	153	16	15	96.923531	of
5	1	22	3	1	12	1146	159	71	16	20.730286	paranoia
5	1	22	3	1	13	1224	162	6	10	20.730286	a
4	1	22	3	2	0	730	174	131	16	-1	
5	1	22	3	2	1	730	184	11	4	91.529602	ne
5	1	22	3	2	2	754	179	33	11	95.272675	from
5	1	22	3	2	3	800	177	38	11	96.428482	being
5	1	22	3	2	4	859	174	2	6	0.000000	a
3	1	22	4	0	0	702	177	527	27	-1	
4	1	22	4	1	0	702	177	527	27	-1	
5	1	22	4	1	1	702	185	25	10	94.067482	came
5	1	22	4	1	2	748	177	4	14	78.390266	fi
5	1	22	4	1	3	934	189	16	15	96.752502	by
5	1	22	4	1	4	960	178	44	30	93.304947	itself,
5	1	22	4	1	5	1012	190	56	14	57.866470	curning
5	1	22	4	1	6	1075	182	20	19	96.562622	all
5	1	22	4	1	7	1105	182	23	16	96.713875	the
5	1	22	4	1	8	1135	183	35	16	96.713875	dark
5	1	22	4	1	9	1177	178	52	30	95.153061	objects
2	1	23	0	0	0	701	192	227	31	-1	
3	1	23	1	0	0	701	192	227	31	-1	
4	1	23	1	1	0	701	192	227	31	-1	
5	1	23	1	1	1	701	205	38	18	94.403435	child
5	1	23	1	1	2	746	208	29	14	90.295685	gets
5	1	23	1	1	3	781	201	80	18	90.091728	struggling
5	1	23	1	1	4	867	200	15	9	78.290840	to
5	1	23	1	1	5	888	192	40	19	78.290840	slecp
2	1	24	0	0	0	854	212	377	28	-1	
3	1	24	1	0	0	854	212	377	28	-1	
4	1	24	1	1	0	854	212	377	28	-1	
5	1	24	1	1	1	854	229	22	11	68.587006	nto
5	1	24	1	1	2	888	223	78	13	94.515190	monsters.
5	1	24	1	1	3	988	215	47	16	95.820244	There
5	1	24	1	1	4	1045	220	31	8	96.909554	was
5	1	24	1	1	5	1087	212	30	16	96.443298	still
5	1	24	1	1	6	1128	219	8	9	96.656212	a
5	1	24	1	1	7	1146	213	59	17	96.827721	chance
5	1	24	1	1	8	1215	215	16	16	96.827721	of
2	1	25	0	0	0	701	230	527	36	-1	
3	1	25	1	0	0	701	230	527	36	-1	
4	1	25	1	1	0	708	230	429	20	-1	
5	1	25	1	1	1	708	244	2	6	88.907768	if
5	1	25	1	1	2	728	240	17	10	93.767548	its
5	1	25	1	1	3	755	230	76	17	88.923378	bedroom
5	1	25	1	1	4	842	231	9	9	83.235291	ir
4	1	25	1	2	0	701	237	527	29	-1	
5	1	25	1	2	1	701	237	14	14	95.548965	of
5	1	25	1	2	2	920	247	31	17	96.268700	and
5	1	25	1	2	3	959	246	68	20	95.219711	Morgan
5	1	25	1	2	4	1033	242	84	17	96.773911	wondered
5	1	25	1	2	5	1125	245	9	14	87.335732	if
5	1	25	1	2	6	1141	243	59	22	87.335732	leaving
5	1	25	1	2	7	1206	244	22	17	96.980057	the
2	1	26	0	0	0	701	251	212	29	-1	
3	1	26	1	0	0	701	251	212	29	-1	
4	1	26	1	1	0	701	251	212	29	-1	
5	1	26	1	1	1	701	264	109	16	92.744675	encountering
5	1	26	1	1	2	816	263	7	8	94.445251	a
5	1	26	1	1	3	829	253	42	17	96.681648	black
5	1	26	1	1	4	878	251	35	16	93.323929	bear
2	1	27	0	0	0	722	286	504	45	-1	
3	1	27	1	0	0	722	286	504	45	-1	
4	1	27	1	1	0	722	286	195	22	-1	
5	1	27	1	1	1	722	293	9	15	63.649868	j,
5	1	27	1	1	2	740	286	79	20	96.839325	deformed
5	1	27	1	1	3	827	286	68	14	90.204155	creature
5	1	27	1	1	4	904	286	13	8	64.634712	W:
4	1	27	1	2	0	794	302	432	29	-1	
5	1	27	1	2	1	794	315	30	16	79.587433	dles
5	1	27	1	2	2	835	312	13	17	95.554359	of
5	1	27	1	2	3	851	309	47	19	95.083534	blood
5	1	27	1	2	4	905	307	30	17	94.537064	and
5	1	27	1	2	5	941	311	35	17	94.537064	guts
5	1	27	1	2	6	981	304	51	16	96.484642	where
5	1	27	1	2	7	1037	302	47	22	94.377136	grubs
5	1	27	1	2	8	1089	302	30	17	94.377136	and
5	1	27	1	2	9	1125	302	43	17	96.962540	other
5	1	27	1	2	10	1175	310	51	11	91.234497	unseen
2	1	28	0	0	0	702	342	524	105	-1	
3	1	28	1	0	0	819	342	101	17	-1	
4	1	28	1	1	0	819	342	101	17	-1	
5	1	28	1	1	1	819	344	4	15	65.841682	j
5	1	28	1	1	2	831	342	35	16	96.317360	feast
5	1	28	1	1	3	875	346	20	9	96.520599	on
5	1	28	1	1	4	904	344	16	10	94.169533	it.
3	1	28	2	0	0	702	362	524	85	-1	
4	1	28	2	1	0	906	362	320	23	-1	
5	1	28	2	1	1	906	373	18	10	96.868271	its
5	1	28	2	1	2	933	364	39	18	95.198082	hind
5	1	28	2	1	3	981	364	36	21	95.198082	legs,
5	1	28	2	1	4	1026	363	68	20	96.758392	Morgan
5	1	28	2	1	5	1102	362	66	22	95.854904	dragged
5	1	28	2	1	6	1177	364	9	15	96.486298	it
5	1	28	2	1	7	1194	370	32	10	96.687096	over
4	1	28	2	2	0	702	392	524	33	-1	
5	1	28	2	2	1	702	414	39	11	94.056976	moss
5	1	28	2	2	2	748	402	62	20	96.754288	covered
5	1	28	2	2	3	817	406	51	11	96.911484	stones
5	1	28	2	2	4	876	397	29	17	96.883156	and
5	1	28	2	2	5	913	395	40	17	96.781586	dead
5	1	28	2	2	6	961	392	53	18	96.781586	wood,
5	1	28	2	2	7	1022	392	71	22	96.684021	working
5	1	28	2	2	8	1100	392	23	16	96.984322	his
5	1	28	2	2	9	1129	398	34	16	96.759735	way
5	1	28	2	2	10	1169	392	37	17	94.468262	back
5	1	28	2	2	11	1212	399	14	11	94.468262	to
4	1	28	2	3	0	854	421	371	26	-1	
5	1	28	2	3	1	854	435	6	9	85.842194	s
5	1	28	2	3	2	866	425	52	18	96.935333	would
5	1	28	2	3	3	926	424	35	23	93.928383	pick
5	1	28	2	3	4	967	424	33	15	93.928383	him
5	1	28	2	3	5	1008	428	25	15	95.265839	up.
5	1	28	2	3	6	1041	422	25	15	96.821861	He
5	1	28	2	3	7	1071	421	67	22	96.555458	thought
5	1	28	2	3	8	1145	422	33	16	91.474297	Gus
5	1	28	2	3	9	1183	423	42	17	91.474297	could
2	1	29	0	0	0	701	272	527	126	-1	
3	1	29	1	0	0	701	272	527	126	-1	
4	1	29	1	1	0	919	272	309	23	-1	
5	1	29	1	1	1	919	285	15	9	94.644478	as
5	1	29	1	1	2	944	276	26	17	96.946854	the
5	1	29	1	1	3	980	275	45	20	96.564827	thing
5	1	29	1	1	4	1034	279	16	10	95.552864	to
5	1	29	1	1	5	1059	272	27	18	95.552864	do,
5	1	29	1	1	6	1095	278	16	10	96.769829	to
5	1	29	1	1	7	1120	272	41	17	96.375443	leave
5	1	29	1	1	8	1170	275	10	14	89.122101	it
5	1	29	1	1	9	1190	274	38	17	96.994904	there
4	1	29	1	2	0	701	301	19	8	-1	
5	1	29	1	2	1	701	301	19	8	93.822426	sad
4	1	29	1	3	0	702	316	89	24	-1	
5	1	29	1	3	1	702	327	32	11	96.689133	next
5	1	29	1	3	2	740	326	16	10	93.261719	to
5	1	29	1	3	3	762	316	29	24	92.126480	pud
4	1	29	1	4	0	702	344	115	28	-1	
5	1	29	1	4	1	702	349	68	23	94.691444	parasites
5	1	29	1	4	2	777	344	40	18	95.940727	could
4	1	29	1	5	0	719	369	179	29	-1	
5	1	29	1	5	1	719	380	76	18	96.770164	Gripping
5	1	29	1	5	2	803	373	24	17	96.884903	the
5	1	29	1	5	3	835	371	35	16	95.372551	deer
5	1	29	1	5	4	878	369	20	20	96.663055	by
2	1	30	0	0	0	702	432	150	24	-1	
3	1	30	1	0	0	702	432	150	24	-1	
4	1	30	1	1	0	702	432	150	24	-1	
5	1	30	1	1	1	702	437	24	16	96.992020	the
5	1	30	1	1	2	732	434	34	22	96.641777	path
5	1	30	1	1	3	773	432	79	16	96.641777	where
5	1	30	1	1	4	834	428	22	32	91.605492	Gu
2	1	31	0	0	0	701	456	524	53	-1	
3	1	31	1	0	0	701	456	524	53	-1	
4	1	31	1	1	0	701	456	202	26	-1	
5	1	31	1	1	1	701	471	13	11	95.315460	at
5	1	31	1	1	2	724	465	33	15	93.150963	least
5	1	31	1	1	3	767	461	24	17	94.976524	sell
5	1	31	1	1	4	801	465	42	11	96.880745	some
5	1	31	1	1	5	852	456	18	17	96.880745	of
5	1	31	1	1	6	877	456	26	16	96.839043	the
4	1	31	1	2	0	701	480	524	29	-1	
5	1	31	1	2	1	701	500	39	9	95.079224	some
5	1	31	1	2	2	748	496	60	12	96.394897	venison
5	1	31	1	2	3	816	493	61	12	95.596085	sausage
5	1	31	1	2	4	883	485	23	16	96.634666	for
5	1	31	1	2	5	913	485	27	21	96.866142	gift
5	1	31	1	2	6	948	483	66	16	95.603485	baskets.
5	1	31	1	2	7	1022	481	14	16	42.266518	He
5	1	31	1	2	8	1039	480	91	17	42.266518	stumbled
5	1	31	1	2	9	1137	487	35	10	96.981171	over
5	1	31	1	2	10	1179	482	46	16	96.919304	rusted
2	1	32	0	0	0	701	510	525	56	-1	
3	1	32	1	0	0	701	510	525	56	-1	
4	1	32	1	1	0	701	510	523	29	-1	
5	1	32	1	1	1	701	529	34	10	94.746223	cans
5	1	32	1	1	2	746	520	29	17	94.746223	and
5	1	32	1	1	3	786	516	75	19	94.016472	corroded
5	1	32	1	1	4	873	515	33	21	96.820602	logs
5	1	32	1	1	5	918	513	33	16	96.915207	that
5	1	32	1	1	6	963	511	51	17	96.951981	broke
5	1	32	1	1	7	1024	516	50	16	95.274826	apart,
5	1	32	1	1	8	1085	510	59	22	95.238373	freeing
5	1	32	1	1	9	1154	516	34	11	96.366287	ants
5	1	32	1	1	10	1197	511	27	17	96.366287	and
4	1	32	1	2	0	852	540	374	26	-1	
5	1	32	1	2	1	852	552	25	14	96.607674	ing
5	1	32	1	2	2	884	544	26	16	96.607674	the
5	1	32	1	2	3	917	543	37	16	96.062988	deer
5	1	32	1	2	4	961	547	25	10	95.634697	cut
5	1	32	1	2	5	994	547	8	10	95.634697	a
5	1	32	1	2	6	1010	541	31	16	96.148865	line
5	1	32	1	2	7	1048	540	67	22	96.827927	through
5	1	32	1	2	8	1123	540	26	16	96.513428	the
5	1	32	1	2	9	1155	540	49	16	96.758423	debris
5	1	32	1	2	10	1211	540	15	17	97.007935	of
2	1	33	0	0	0	913	451	313	21	-1	
3	1	33	1	0	0	913	451	313	21	-1	
4	1	33	1	1	0	913	451	313	21	-1	
5	1	33	1	1	1	913	459	41	12	96.373802	meat
5	1	33	1	1	2	964	459	16	10	96.716476	to
5	1	33	1	1	3	990	452	23	16	96.295197	his
5	1	33	1	1	4	1022	457	91	12	96.189232	customers;
5	1	33	1	1	5	1123	451	54	21	96.907486	maybe
5	1	33	1	1	6	1186	452	40	17	96.959953	make
2	1	34	0	0	0	701	548	522	49	-1	
3	1	34	1	0	0	701	548	522	49	-1	
4	1	34	1	1	0	701	548	149	23	-1	
5	1	34	1	1	1	701	549	89	22	92.277153	centipedes.
5	1	34	1	1	2	799	548	51	19	59.642075	Drage
4	1	34	1	2	0	702	569	521	28	-1	
5	1	34	1	2	1	702	580	42	16	96.814743	fallen
5	1	34	1	2	2	750	579	50	14	90.903900	leaves,
5	1	34	1	2	3	806	575	72	22	94.647415	exposing
5	1	34	1	2	4	885	573	38	16	96.915695	fresh
5	1	34	1	2	5	930	572	30	16	95.544678	dirt
5	1	34	1	2	6	966	571	38	16	96.181267	dark
5	1	34	1	2	7	1010	577	15	10	96.181267	as
5	1	34	1	2	8	1031	569	48	17	90.670998	coffee
5	1	34	1	2	9	1084	570	56	21	96.761116	grinds.
5	1	34	1	2	10	1147	570	25	16	96.532249	He
5	1	34	1	2	11	1178	569	45	22	96.082695	hoped
2	1	35	0	0	0	698	599	525	506	-1	
3	1	35	1	0	0	701	599	522	312	-1	
4	1	35	1	1	0	702	599	521	25	-1	
5	1	35	1	1	1	702	615	19	9	87.783905	no
5	1	35	1	1	2	727	614	28	9	87.291656	one
5	1	35	1	1	3	761	605	50	17	87.291656	would
5	1	35	1	1	4	817	605	41	15	96.870399	draw
5	1	35	1	1	5	864	608	77	10	95.491600	attention
5	1	35	1	1	6	948	607	17	10	94.294014	to
5	1	35	1	1	7	971	600	27	16	94.294014	the
5	1	35	1	1	8	1004	600	64	22	95.096039	missing
5	1	35	1	1	9	1074	599	51	16	95.686317	antler.
5	1	35	1	1	10	1131	599	34	16	96.939865	Gus
5	1	35	1	1	11	1170	599	53	17	96.916122	would,
4	1	35	1	2	0	702	628	521	25	-1	
5	1	35	1	2	1	702	643	19	9	96.765884	no
5	1	35	1	2	2	730	635	53	16	91.703545	doubt,
5	1	35	1	2	3	792	634	27	16	96.704773	but
5	1	35	1	2	4	829	633	66	20	96.816711	Morgan
5	1	35	1	2	5	905	629	65	22	95.945404	guessed
5	1	35	1	2	6	981	629	26	16	95.945404	the
5	1	35	1	2	7	1016	628	64	17	94.753395	firemen
5	1	35	1	2	8	1089	634	15	10	96.282845	at
5	1	35	1	2	9	1113	628	26	16	95.402245	the
5	1	35	1	2	10	1148	628	44	22	96.812111	lodge
5	1	35	1	2	11	1200	628	23	16	97.006500	bar
4	1	35	1	3	0	702	657	521	28	-1	
5	1	35	1	3	1	702	664	54	21	96.184677	flirting
5	1	35	1	3	2	761	663	35	15	93.256935	with
5	1	35	1	3	3	802	662	42	15	50.865780	Gus’s
5	1	35	1	3	4	849	660	39	17	93.338905	wife,
5	1	35	1	3	5	896	660	46	16	96.955902	Reba,
5	1	35	1	3	6	949	659	50	21	96.829666	might
5	1	35	1	3	7	1006	658	22	16	96.813667	rib
5	1	35	1	3	8	1033	658	38	17	94.481064	him,
5	1	35	1	3	9	1077	657	79	22	94.661858	especially
5	1	35	1	3	10	1161	657	11	16	96.980034	if
5	1	35	1	3	11	1176	657	47	16	95.722191	drinks
4	1	35	1	4	0	702	686	520	26	-1	
5	1	35	1	4	1	702	692	27	16	96.843964	had
5	1	35	1	4	2	736	692	37	15	96.936623	been
5	1	35	1	4	3	779	690	62	22	96.333084	poured.
5	1	35	1	4	4	849	691	16	14	96.525833	In
5	1	35	1	4	5	871	689	26	16	96.880951	the
5	1	35	1	4	6	903	695	55	9	96.888023	course
5	1	35	1	4	7	966	687	16	16	96.786583	of
5	1	35	1	4	8	987	693	31	10	94.820572	two
5	1	35	1	4	9	1024	687	49	16	94.740570	weeks
5	1	35	1	4	10	1079	687	67	21	93.260910	Morgan
5	1	35	1	4	11	1152	686	70	16	92.370804	becamea
4	1	35	1	5	0	701	715	520	26	-1	
5	1	35	1	5	1	701	726	65	15	96.931801	younger
5	1	35	1	5	2	777	719	60	16	92.530464	brother
5	1	35	1	5	3	849	724	16	10	96.838531	to
5	1	35	1	5	4	875	724	31	10	96.838531	two
5	1	35	1	5	5	917	717	99	21	96.886185	firefighters.
5	1	35	1	5	6	1026	716	44	21	96.930092	They
5	1	35	1	5	7	1080	715	59	17	84.697464	rubbed
5	1	35	1	5	8	1149	716	24	15	95.450378	his
5	1	35	1	5	9	1182	715	39	17	96.945808	head,
4	1	35	1	6	0	702	744	519	24	-1	
5	1	35	1	6	1	702	748	55	16	94.143707	messed
5	1	35	1	6	2	765	754	20	14	94.143707	up
5	1	35	1	6	3	793	747	23	16	96.485947	his
5	1	35	1	6	4	823	747	36	16	93.858963	hair,
5	1	35	1	6	5	867	747	30	15	96.659653	and
5	1	35	1	6	6	906	746	50	16	96.659653	teased
5	1	35	1	6	7	965	746	39	16	94.776657	him.
5	1	35	1	6	8	1020	745	56	21	94.776657	Maybe
5	1	35	1	6	9	1084	745	35	21	96.335091	they
5	1	35	1	6	10	1127	745	46	16	70.056000	didn't
5	1	35	1	6	11	1181	744	40	16	96.737442	know
4	1	35	1	7	0	702	773	517	24	-1	
5	1	35	1	7	1	702	777	29	15	94.081711	that
5	1	35	1	7	2	739	777	32	15	94.081711	Gus
5	1	35	1	7	3	777	776	45	16	94.635765	asked
5	1	35	1	7	4	829	776	32	15	96.682190	him
5	1	35	1	7	5	868	782	17	9	96.684441	to
5	1	35	1	7	6	892	775	46	22	96.141968	bring
5	1	35	1	7	7	945	775	39	16	95.839157	back
5	1	35	1	7	8	991	782	8	9	96.751396	a
5	1	35	1	7	9	1005	775	35	16	96.751396	deer
5	1	35	1	7	10	1047	780	17	10	96.528267	to
5	1	35	1	7	11	1070	780	56	10	96.717651	mount
5	1	35	1	7	12	1133	780	21	10	96.755966	on
5	1	35	1	7	13	1161	774	25	15	96.727753	the
5	1	35	1	7	14	1192	773	27	16	87.988007	wall
4	1	35	1	8	0	702	802	517	23	-1	
5	1	35	1	8	1	702	804	18	21	96.983559	by
5	1	35	1	8	2	727	805	24	15	96.891411	the
5	1	35	1	8	3	758	804	73	21	96.748230	fireplace,
5	1	35	1	8	4	839	805	67	20	96.929146	Morgan
5	1	35	1	8	5	913	804	75	21	96.195854	thought.
5	1	35	1	8	6	1000	804	45	16	96.195854	Then
5	1	35	1	8	7	1052	809	50	16	96.675781	again,
5	1	35	1	8	8	1109	804	66	20	96.887085	Morgan
5	1	35	1	8	9	1182	802	37	16	96.199966	knew
4	1	35	1	9	0	702	831	517	18	-1	
5	1	35	1	9	1	702	832	34	15	96.561760	how
5	1	35	1	9	2	742	832	39	16	96.048096	Reba
5	1	35	1	9	3	788	832	38	16	96.910545	liked
5	1	35	1	9	4	832	838	17	10	96.889679	to
5	1	35	1	9	5	854	832	32	16	96.806580	talk
5	1	35	1	9	6	891	832	31	17	96.766182	and
5	1	35	1	9	7	928	833	20	16	96.945023	he
5	1	35	1	9	8	953	833	33	15	96.923515	also
5	1	35	1	9	9	992	832	45	17	96.923515	knew
5	1	35	1	9	10	1042	832	33	16	95.305618	that
5	1	35	1	9	11	1081	833	11	15	96.308807	it
5	1	35	1	9	12	1097	838	30	10	96.845673	was
5	1	35	1	9	13	1133	831	37	16	95.112297	hard
5	1	35	1	9	14	1176	836	25	11	53.812759	not
5	1	35	1	9	15	1206	836	13	10	53.812759	to
4	1	35	1	10	0	702	858	516	22	-1	
5	1	35	1	10	1	702	866	27	14	95.687599	pay
5	1	35	1	10	2	734	861	80	17	92.684830	attention,
5	1	35	1	10	3	821	866	16	11	95.333008	to
5	1	35	1	10	4	843	861	49	16	96.723213	watch
5	1	35	1	10	5	899	861	27	16	96.859146	her
5	1	35	1	10	6	932	861	58	16	96.948471	breasts
5	1	35	1	10	7	997	867	46	10	96.722969	move
5	1	35	1	10	8	1048	861	16	16	96.722969	in
5	1	35	1	10	9	1070	861	27	16	93.378845	her
5	1	35	1	10	10	1102	860	38	16	93.378845	shirt
5	1	35	1	10	11	1146	860	36	16	97.004807	with
5	1	35	1	10	12	1187	858	31	17	79.457329	each
4	1	35	1	11	0	701	888	176	23	-1	
5	1	35	1	11	1	701	888	37	20	95.444977	deep
5	1	35	1	11	2	744	888	52	16	91.840393	breath
5	1	35	1	11	3	803	889	30	15	96.916924	and
5	1	35	1	11	4	839	889	38	22	95.986221	sigh.
3	1	35	2	0	0	701	915	516	190	-1	
4	1	35	2	1	0	718	915	499	24	-1	
5	1	35	2	1	1	718	916	33	15	91.341888	The
5	1	35	2	1	2	757	916	44	17	75.882034	deer’s
5	1	35	2	1	3	809	922	58	17	96.158478	tongue
5	1	35	2	1	4	873	918	67	21	96.930748	dangled
5	1	35	2	1	5	948	924	28	11	96.199692	out
5	1	35	2	1	6	984	911	16	32	96.926643	of
5	1	35	2	1	7	997	918	31	17	96.936546	its
5	1	35	2	1	8	1035	918	61	17	93.743782	mouth.
5	1	35	2	1	9	1105	919	11	15	96.925453	It
5	1	35	2	1	10	1123	924	31	10	96.695061	was
5	1	35	2	1	11	1161	918	26	19	96.771774	dry
5	1	35	2	1	12	1192	915	25	17	96.671745	and
4	1	35	2	2	0	701	944	515	25	-1	
5	1	35	2	2	1	701	944	49	16	61.167713	curled
5	1	35	2	2	2	756	944	28	17	89.669449	like
5	1	35	2	2	3	789	951	7	10	89.669449	a
5	1	35	2	2	4	801	945	81	17	25.623917	shoehorn.
5	1	35	2	2	5	888	947	68	22	96.772293	Morgan
5	1	35	2	2	6	962	947	54	17	96.938652	waited
5	1	35	2	2	7	1022	954	20	9	96.886688	on
5	1	35	2	2	8	1047	947	33	16	97.001137	Gus
5	1	35	2	2	9	1087	946	23	17	96.650993	for
5	1	35	2	2	10	1114	946	53	17	94.593483	several
5	1	35	2	2	11	1173	946	43	15	82.537903	hours.
4	1	35	2	3	0	703	972	513	25	-1	
5	1	35	2	3	1	703	972	23	15	96.052971	He
5	1	35	2	3	2	731	973	68	16	96.052971	watched
5	1	35	2	3	3	805	974	74	21	96.365768	airplanes
5	1	35	2	3	4	885	982	49	15	93.926704	scoop
5	1	35	2	3	5	939	982	47	10	93.926704	water
5	1	35	2	3	6	993	975	40	17	96.821472	from
5	1	35	2	3	7	1040	975	26	17	96.995636	the
5	1	35	2	3	8	1072	975	38	17	96.690941	lake.
5	1	35	2	3	9	1117	975	24	16	95.563171	He
5	1	35	2	3	10	1146	973	45	18	95.563171	heard
5	1	35	2	3	11	1196	973	20	16	88.905609	the
4	1	35	2	4	0	702	999	513	27	-1	
5	1	35	2	4	1	702	999	53	16	30.426949	echoes
5	1	35	2	4	2	762	1000	17	16	96.700981	of
5	1	35	2	4	3	784	1001	74	23	96.611183	shouting
5	1	35	2	4	4	865	1003	98	22	94.360207	firefighters.
5	1	35	2	4	5	972	1005	25	16	96.359200	He
5	1	35	2	4	6	1004	1005	48	21	96.359200	paced
5	1	35	2	4	7	1059	1005	26	15	96.883835	the
5	1	35	2	4	8	1092	1004	42	21	96.094925	path.
5	1	35	2	4	9	1143	1004	24	15	96.916252	He
5	1	35	2	4	10	1173	1000	42	19	95.686592	traced
4	1	35	2	5	0	702	1027	513	28	-1	
5	1	35	2	5	1	702	1027	23	16	96.791389	his
5	1	35	2	5	2	732	1028	54	22	95.787018	fingers
5	1	35	2	5	3	794	1030	45	22	96.840775	along
5	1	35	2	5	4	846	1032	26	16	96.905106	the
5	1	35	2	5	5	879	1033	70	16	93.843262	Chinese
5	1	35	2	5	6	956	1034	62	21	96.886711	writing
5	1	35	2	5	7	1025	1040	21	10	96.794853	on
5	1	35	2	5	8	1054	1033	26	17	88.222900	the
5	1	35	2	5	9	1087	1033	46	16	57.777004	deer’s
5	1	35	2	5	10	1140	1031	42	18	84.653717	head,
5	1	35	2	5	11	1188	1030	27	16	96.907501	The
4	1	35	2	6	0	698	1052	516	52	-1	
5	1	35	2	6	1	698	1052	56	52	39.214245	tee
5	1	35	2	6	2	761	1063	39	15	96.788124	grew
5	1	35	2	6	3	808	1059	41	16	94.723785	dark.
5	1	35	2	6	4	859	1060	67	22	96.546204	Morgan
5	1	35	2	6	5	935	1061	65	17	96.546204	decided
5	1	35	2	6	6	1008	1068	17	10	95.342758	to
5	1	35	2	6	7	1032	1061	38	17	95.706589	walk
5	1	35	2	6	8	1079	1061	38	17	95.706589	back
5	1	35	2	6	9	1125	1067	16	10	96.099426	to
5	1	35	2	6	10	1149	1060	24	16	96.099426	the
5	1	35	2	6	11	1181	1062	33	13	20.517151	mai
4	1	35	2	7	0	707	1090	42	15	-1	
5	1	35	2	7	1	707	1090	42	15	83.786118	lodge.
2	1	36	0	0	0	703	1141	519	395	-1	
3	1	36	1	0	0	703	1141	510	85	-1	
4	1	36	1	1	0	723	1141	490	27	-1	
5	1	36	1	1	1	723	1141	33	16	96.971237	The
5	1	36	1	1	2	765	1141	27	18	95.729614	fire
5	1	36	1	1	3	800	1143	62	19	95.512383	loomed
5	1	36	1	1	4	872	1147	15	15	96.612846	in
5	1	36	1	1	5	897	1147	26	16	96.612846	the
5	1	36	1	1	6	931	1147	59	17	92.830345	slurred
5	1	36	1	1	7	999	1148	53	16	85.095360	stories
5	1	36	1	1	8	1060	1147	67	21	96.905800	droning
5	1	36	1	1	9	1135	1145	38	17	95.509659	from
5	1	36	1	1	10	1181	1141	32	20	11.693352	sully
4	1	36	1	2	0	703	1167	508	29	-1	
5	1	36	1	2	1	703	1167	71	21	96.633713	firemen,
5	1	36	1	2	2	785	1171	41	17	96.633713	their
5	1	36	1	2	3	837	1173	41	18	95.473701	faces
5	1	36	1	2	4	888	1176	67	16	96.378464	masked
5	1	36	1	2	5	965	1176	40	17	96.378464	with
5	1	36	1	2	6	1016	1176	62	16	94.229729	residue
5	1	36	1	2	7	1088	1174	19	18	96.901825	of
5	1	36	1	2	8	1115	1176	37	20	96.744247	pine
5	1	36	1	2	9	1161	1170	50	19	72.067795	smoke
4	1	36	1	3	0	703	1200	304	26	-1	
5	1	36	1	3	1	703	1200	105	22	94.919373	accentuating
5	1	36	1	3	2	814	1201	25	16	97.000473	the
5	1	36	1	3	3	845	1202	48	17	96.841095	white
5	1	36	1	3	4	898	1204	17	16	96.847145	of
5	1	36	1	3	5	922	1204	40	17	91.051590	their
5	1	36	1	3	6	968	1211	39	15	95.256172	eyes.
3	1	36	2	0	0	703	1225	506	142	-1	
4	1	36	2	1	0	717	1225	492	29	-1	
5	1	36	2	1	1	717	1225	33	17	96.841042	The
5	1	36	2	1	2	756	1227	43	22	93.652786	night
5	1	36	2	1	3	806	1228	56	20	95.916588	before,
5	1	36	2	1	4	869	1232	68	22	96.915169	Morgan
5	1	36	2	1	5	943	1233	65	17	94.567635	bonded
5	1	36	2	1	6	1013	1233	38	16	94.567635	with
5	1	36	2	1	7	1057	1239	43	10	96.341042	some
5	1	36	2	1	8	1105	1231	19	17	96.341042	of
5	1	36	2	1	9	1128	1231	25	17	93.151222	the
5	1	36	2	1	10	1158	1228	51	17	10.207481	fireme®
4	1	36	2	2	0	703	1252	505	29	-1	
5	1	36	2	2	1	703	1252	34	16	96.478539	who
5	1	36	2	2	2	741	1255	59	18	96.478539	worked
5	1	36	2	2	3	806	1262	13	12	96.424950	at
5	1	36	2	2	4	824	1258	26	17	96.052261	the
5	1	36	2	2	5	853	1261	79	20	94.353439	perimeter
5	1	36	2	2	6	937	1261	19	16	96.772003	of
5	1	36	2	2	7	958	1261	25	17	96.871391	the
5	1	36	2	2	8	988	1261	41	17	94.692352	blaze
5	1	36	2	2	9	1032	1267	17	10	94.960388	to
5	1	36	2	2	10	1053	1260	53	17	94.960388	hinder
5	1	36	2	2	11	1110	1261	18	15	92.958099	its
5	1	36	2	2	12	1132	1257	76	18	0.000000	mover
4	1	36	2	3	0	703	1281	455	29	-1	
5	1	36	2	3	1	703	1281	36	16	95.977798	One
5	1	36	2	3	2	746	1282	17	16	96.388748	of
5	1	36	2	3	3	768	1283	48	20	89.231483	them,
5	1	36	2	3	4	824	1292	7	10	89.231483	a
5	1	36	2	3	5	838	1287	42	17	95.219246	thick
5	1	36	2	3	6	887	1295	31	15	94.571785	guy
5	1	36	2	3	7	924	1290	38	16	94.072113	with
5	1	36	2	3	8	969	1296	9	10	96.136658	a
5	1	36	2	3	9	984	1289	38	18	89.776512	dark
5	1	36	2	3	10	1029	1289	31	17	96.798233	face
5	1	36	2	3	11	1067	1288	30	17	96.958099	and
5	1	36	2	3	12	1104	1288	33	16	91.456100	thin
5	1	36	2	3	13	1144	1292	14	10	84.376350	m
4	1	36	2	4	0	704	1306	504	38	-1	
5	1	36	2	4	1	704	1306	54	38	87.426285	hamed
5	1	36	2	4	2	767	1312	52	19	66.111481	Eddie,
5	1	36	2	4	3	827	1315	51	18	96.153282	talked
5	1	36	2	4	4	886	1316	28	18	96.795891	fast
5	1	36	2	4	5	923	1318	31	17	96.715187	and
5	1	36	2	4	6	962	1324	31	11	96.715187	was
5	1	36	2	4	7	1000	1318	27	17	91.307854	full
5	1	36	2	4	8	1037	1307	15	35	97.002777	of
5	1	36	2	4	9	1059	1318	57	16	89.118385	stories,
5	1	36	2	4	10	1125	1316	12	15	62.200470	Ir
5	1	36	2	4	11	1145	1311	63	19	17.826736	cook
4	1	36	2	5	0	704	1336	428	31	-1	
5	1	36	2	5	1	704	1336	65	24	96.204727	whiskey
5	1	36	2	5	2	775	1341	30	16	95.481537	and
5	1	36	2	5	3	811	1348	53	12	94.632957	waters
5	1	36	2	5	4	870	1350	17	11	96.005562	to
5	1	36	2	5	5	893	1351	25	16	96.583649	get
5	1	36	2	5	6	925	1346	27	17	96.958191	the
5	1	36	2	5	7	957	1347	119	16	95.782455	entertainment
5	1	36	2	5	8	1082	1346	50	21	83.968842	going.
3	1	36	3	0	0	704	1363	518	173	-1	
4	1	36	3	1	0	724	1363	494	32	-1	
5	1	36	3	1	1	724	1365	66	24	96.075417	Morgan
5	1	36	3	1	2	796	1371	105	18	96.075417	remembered
5	1	36	3	1	3	907	1373	49	18	88.126877	Eddie
5	1	36	3	1	4	962	1374	26	17	91.800934	tell
5	1	36	3	1	5	994	1374	33	17	91.284134	him
5	1	36	3	1	6	1033	1380	8	11	91.284134	a
5	1	36	3	1	7	1047	1379	40	16	96.919785	story
5	1	36	3	1	8	1093	1372	46	17	96.837959	about
5	1	36	3	1	9	1145	1359	24	44	95.069725	the
5	1	36	3	1	10	1174	1359	26	44	8.980141	ob
4	1	36	3	2	0	704	1387	501	36	-1	
5	1	36	3	2	1	704	1391	69	22	96.602852	fireman,
5	1	36	3	2	2	781	1397	42	19	95.894417	Kirk,
5	1	36	3	2	3	830	1399	26	17	96.689064	the
5	1	36	3	2	4	863	1400	85	23	57.105034	“Captain”
5	1	36	3	2	5	956	1408	16	11	93.187019	as
5	1	36	3	2	6	980	1402	48	18	92.697151	Eddie
5	1	36	3	2	7	1034	1401	47	18	76.575211	called
5	1	36	3	2	8	1088	1400	37	17	96.301239	him.
5	1	36	3	2	9	1133	1387	72	27	47.458794	Eddie
4	1	36	3	3	0	705	1417	500	30	-1	
5	1	36	3	3	1	705	1420	65	23	96.331848	Morgan
5	1	36	3	3	2	777	1424	20	17	92.070473	he
5	1	36	3	3	3	803	1426	31	17	96.972336	and
5	1	36	3	3	4	841	1427	37	17	96.636139	Kirk
5	1	36	3	3	5	885	1435	39	11	95.509834	were
5	1	36	3	3	6	931	1435	15	12	95.509834	at
5	1	36	3	3	7	953	1436	8	11	96.681557	a
5	1	36	3	3	8	968	1430	28	17	85.114983	bar
5	1	36	3	3	9	1003	1432	15	15	85.114983	in
5	1	36	3	3	10	1025	1435	42	12	96.610184	town
5	1	36	3	3	11	1074	1428	30	18	96.723991	and
5	1	36	3	3	12	1110	1433	9	11	95.199753	a
5	1	36	3	3	13	1125	1430	33	12	92.400124	man
5	1	36	3	3	14	1164	1417	41	20	21.075500	witt*
4	1	36	3	4	0	704	1447	518	32	-1	
5	1	36	3	4	1	704	1447	67	32	96.484833	bowling
5	1	36	3	4	2	778	1452	38	18	77.045395	shirt
5	1	36	3	4	3	823	1460	26	16	79.437866	got
5	1	36	3	4	4	857	1457	56	17	92.872963	soused
5	1	36	3	4	5	921	1458	31	16	96.925125	and
5	1	36	3	4	6	959	1458	42	17	95.623314	cried
5	1	36	3	4	7	1008	1458	48	17	95.195259	about
5	1	36	3	4	8	1064	1457	26	17	96.385422	the
5	1	36	3	4	9	1096	1443	59	41	96.541374	divorce
5	1	36	3	4	10	1164	1443	35	41	34.529770	he“
5	1	36	3	4	11	1215	1457	7	20	45.235390	>
4	1	36	3	5	0	704	1472	499	34	-1	
5	1	36	3	5	1	704	1482	46	16	57.297443	going
5	1	36	3	5	2	756	1478	71	24	92.115601	through,
5	1	36	3	5	3	835	1483	48	18	93.714508	Eddie
5	1	36	3	5	4	887	1484	33	18	96.522606	said
5	1	36	3	5	5	926	1485	28	17	96.077499	the
5	1	36	3	5	6	958	1485	82	17	93.861526	bartender
5	1	36	3	5	7	1046	1484	38	18	87.733124	tried
5	1	36	3	5	8	1089	1489	17	12	92.153801	to
5	1	36	3	5	9	1111	1483	49	21	92.153801	ignore
5	1	36	3	5	10	1164	1472	39	34	53.736053	ie
4	1	36	3	6	0	704	1500	500	36	-1	
5	1	36	3	6	1	704	1502	19	18	56.312950	he
5	1	36	3	6	2	728	1505	30	16	56.312950	and
5	1	36	3	6	3	764	1506	36	18	95.899620	Kirk
5	1	36	3	6	4	805	1515	25	11	93.442139	are
5	1	36	3	6	5	835	1511	72	23	91.774780	muffling
5	1	36	3	6	6	912	1512	40	18	96.168121	their
5	1	36	3	6	7	956	1513	70	23	96.604820	laughter
5	1	36	3	6	8	1031	1513	20	22	96.292191	by
5	1	36	3	6	9	1055	1512	66	24	89.007324	pressing
5	1	36	3	6	10	1126	1500	78	26	0.000000	theirs
2	1	37	0	0	0	0	169	242	122	-1	
3	1	37	1	0	0	0	169	242	122	-1	
4	1	37	1	1	0	0	169	242	49	-1	
5	1	37	1	1	1	0	169	242	49	95.000000	      
4	1	37	1	2	0	0	218	74	48	-1	
5	1	37	1	2	1	0	218	74	48	95.000000	   
4	1	37	1	3	0	0	266	70	25	-1	
5	1	37	1	3	1	0	266	70	25	95.000000	  
2	1	38	0	0	0	0	1530	1250	137	-1	
3	1	38	1	0	0	0	1530	1250	137	-1	
4	1	38	1	1	0	0	1530	1250	137	-1	
5	1	38	1	1	1	0	1530	1250	137	95.000000 ae
