“wopuos Aajney & fonu0> qparg uF oP ye OL PIP ESE Buoy se parse] 11 uoseas ot . «pouiaddery 1949 sGersreus au) Woswar aep uf -IyStu uoyuTp <ayeastuls OU) UH, | “SIUTOUL JoxfeIM Uy sroans sv32, Surstnd f ayp Suope Surpqurnas 10 1S9/X\ ayp o1 Aemared ayy ySnonp passed oy woya auoye yuusem satprey Aus ‘Ajaxt] wSoyy “ssepp Anauroad Aur Surmmp Py Inoge poureasp | [Jaws 01 paruem Jooups ut auoAsaA2 IeYp Arey IPUoTq Ayano “Buoy pur sada worg Pey 24S YI
5	1	30	1	7	5	885	365	21	18	53.226784	4
5	1	30	1	7	6	913	363	58	19	0.000000	21092q
5	1	30	1	7	7	978	357	62	23	9.261139	Aproys
5	1	30	1	7	8	1045	356	54	24	0.000000	19Xejd
5	1	30	1	7	9	1105	362	53	11	54.951897	120008
5	1	30	1	7	10	1164	362	50	17	0.000000	soMtIas
4	1	30	1	8	0	699	389	502	33	-1	
5	1	30	1	8	1	699	403	57	19	0.000000	eM
5	1	30	1	8	2	760	395	66	22	79.284447	sunny
5	1	30	1	8	3	831	395	54	19	11.728760	Pye
5	1	30	1	8	4	891	389	29	16	17.913116	AUI
5	1	30	1	8	5	926	392	34	12	15.617050	Mes
5	1	30	1	8	6	967	392	6	16	75.819565	|
5	1	30	1	8	7	979	391	13	17	48.459770	St
5	1	30	1	8	8	998	391	49	17	30.759995	MOLY
5	1	30	1	8	9	1054	390	61	18	2.830276	I,USIOP
5	1	30	1	8	10	1120	390	28	18	33.944504	ays
5	1	30	1	8	11	1154	391	47	17	6.926819	IEY
5	1	30	1	8	12	1184	382	21	30	14.684990	4A,
4	1	30	1	9	0	1088	419	126	19	-1	
5	1	30	1	9	1	1088	419	48	18	0.000000	“PIIYP
5	1	30	1	9	2	1141	419	28	18	46.306614	180]
5	1	30	1	9	3	1174	419	40	19	0.000000	vay]
4	1	30	1	10	0	701	442	514	39	-1	
5	1	30	1	10	1	701	459	65	22	57.810905	punose
5	1	30	1	10	2	772	449	61	27	45.396431	papind
5	1	30	1	10	3	838	454	28	18	86.819244	ays
5	1	30	1	10	4	872	452	35	18	20.889679	reqs
5	1	30	1	10	5	913	451	22	17	80.713921	AT
5	1	30	1	10	6	942	450	21	11	64.024597	Ue
5	1	30	1	10	7	968	449	26	18	1.688095	1OJ
5	1	30	1	10	8	999	442	45	24	79.557320	sdup
5	1	30	1	10	9	1048	442	65	17	61.150326	oredaid
5	1	30	1	10	10	1119	448	16	11	56.569412	01
5	1	30	1	10	11	1141	448	30	18	90.333656	pey
5	1	30	1	10	12	1177	448	5	17	0.000000	y
5	1	30	1	10	13	1187	448	28	18	0.000000	o11
4	1	30	1	11	0	701	476	514	30	-1	
5	1	30	1	11	1	701	489	49	13	0.000000	sean.
5	1	30	1	11	2	757	487	34	19	29.608711	pur
5	1	30	1	11	3	797	483	57	19	20.065704	Uaaryty
5	1	30	1	11	4	859	482	33	12	70.423019	SEA
5	1	30	1	11	5	898	481	5	17	15.227661	]
5	1	30	1	11	6	911	479	32	18	39.198704	FH
5	1	30	1	11	7	947	479	20	18	87.310379	JO
5	1	30	1	11	8	973	477	35	12	41.749474	OTE
5	1	30	1	11	9	1013	477	35	18	35.980522	22402
5	1	30	1	11	10	1055	477	16	11	55.601440	02
5	1	30	1	11	11	1077	476	76	11	0.000000	auOsUWIOS
5	1	30	1	11	12	1159	477	56	17	0.000000	paprou
4	1	30	1	12	0	702	502	514	35	-1	
5	1	30	1	12	1	702	519	29	18	89.806000	ays
5	1	30	1	12	2	741	510	57	22	0.000000	‘seFaA_
5	1	30	1	12	3	806	513	26	19	28.919022	JOJ
5	1	30	1	12	4	842	511	28	20	41.084175	YP]
5	1	30	1	12	5	880	509	54	18	29.913216	JUPLJ
5	1	30	1	12	6	944	502	28	17	64.530182	Aur
5	1	30	1	12	7	983	506	55	18	0.000000	usy
5	1	30	1	12	8	1019	495	18	33	0.000000	yy
5	1	30	1	12	9	1048	505	40	18	0.000000	“WATY
5	1	30	1	12	10	1097	505	46	18	63.859821	p2Aoy
5	1	30	1	12	11	1152	505	26	17	29.994728	ays
5	1	30	1	12	12	1187	505	29	18	86.242012	pue
4	1	30	1	13	0	744	530	394	34	-1	
5	1	30	1	13	1	744	538	44	26	39.663551	poo
5	1	30	1	13	2	793	543	34	17	80.742340	vaq
5	1	30	1	13	3	832	541	17	12	73.373253	02
5	1	30	1	13	4	855	539	40	19	52.356697	pain
5	1	30	1	13	5	900	538	29	18	82.488976	ays
5	1	30	1	13	6	934	536	46	17	40.821808	sour
5	1	30	1	13	7	986	530	48	16	62.921703	Atreur
5	1	30	1	13	8	1040	534	25	11	47.849411	aur
5	1	30	1	13	9	1071	534	33	18	20.004776	pjor
5	1	30	1	13	10	1109	534	29	17	46.522034	94g
4	1	30	1	14	0	810	562	406	27	-1	
5	1	30	1	14	1	810	570	33	19	36.515587	“agt]
5	1	30	1	14	2	849	569	25	17	88.653000	sty
5	1	30	1	14	3	880	568	21	17	27.698524	2q
5	1	30	1	14	4	908	567	17	11	63.857761	02
5	1	30	1	14	5	932	565	31	12	43.980431	1No
5	1	30	1	14	6	970	564	59	19	24.564705	pourMa
5	1	30	1	14	7	1036	563	42	17	0.000000	TeyAN
5	1	30	1	14	8	1085	562	42	12	0.000000	JueM
5	1	30	1	14	9	1133	562	47	18	0.000000	JUPEP
5	1	30	1	14	10	1186	562	30	18	12.384102	EMP
4	1	30	1	15	0	705	591	512	29	-1	
5	1	30	1	15	1	705	604	38	12	20.344910	uur
5	1	30	1	15	2	751	603	4	11	48.889839	v
5	1	30	1	15	3	764	602	26	18	40.431614	103
5	1	30	1	15	4	796	600	36	17	32.350838	2A0]
5	1	30	1	15	5	839	591	100	26	0.000000	paunbastn
5	1	30	1	15	6	946	594	21	11	90.576729	we
5	1	30	1	15	7	975	593	27	18	0.000000	apy
5	1	30	1	15	8	1008	592	28	18	0.000000	Ys
5	1	30	1	15	9	1041	592	49	17	56.973591	MOU
5	1	30	1	15	10	1097	591	41	17	29.454895	[Ng
5	1	30	1	15	11	1145	591	21	11	48.180958	0}
5	1	30	1	15	12	1172	591	45	11	13.670258	SIUM,
4	1	30	1	16	0	705	614	512	37	-1	
5	1	30	1	16	1	705	634	20	17	64.798584	ay
5	1	30	1	16	2	732	632	44	17	35.414055	1eyM
5	1	30	1	16	3	781	629	40	18	23.575867	Soop
5	1	30	1	16	4	828	627	33	19	0.000000	pure
5	1	30	1	16	5	866	624	93	18	16.560806	suoniqure
5	1	30	1	16	6	965	622	29	18	67.958160	sey
5	1	30	1	16	7	1000	622	20	17	9.662941	OH]
5	1	30	1	16	8	1028	614	43	25	5.101593	poos
5	1	30	1	16	9	1076	620	22	17	71.695740	sat
5	1	30	1	16	10	1105	620	32	17	88.604752	pres
5	1	30	1	16	11	1144	619	30	18	66.103935	pur
5	1	30	1	16	12	1180	619	37	17	49.275394	pats
4	1	30	1	17	0	706	644	511	35	-1	
5	1	30	1	17	1	706	662	19	17	50.630196	ays
5	1	30	1	17	2	748	659	53	18	46.802124	soupey
5	1	30	1	17	3	807	652	27	16	51.017563	Aur
5	1	30	1	17	4	842	656	41	18	4.773178	tpim
5	1	30	1	17	5	889	654	33	18	77.566246	pey
5	1	30	1	17	6	928	652	29	18	27.579178	ays
5	1	30	1	17	7	963	646	40	23	75.498123	skep
5	1	30	1	17	8	1010	644	44	24	84.601707	pood
5	1	30	1	17	9	1060	649	49	18	57.184822	ayp
5	1	30	1	17	10	1093	640	18	33	71.310349	Jo
5	1	30	1	17	11	1115	648	102	17	0.000000	suonsa]jooo1
4	1	30	1	18	0	706	671	511	36	-1	
5	1	30	1	18	1	706	690	28	17	82.022491	say
5	1	30	1	18	2	741	687	73	20	12.227554	panpus
5	1	30	1	18	3	821	686	4	16	60.163017	|
5	1	30	1	18	4	833	685	31	17	49.794601	Fy
5	1	30	1	18	5	871	684	26	18	73.258240	pay
5	1	30	1	18	6	904	682	33	18	84.383293	pue
5	1	30	1	18	7	943	676	59	22	0.000000	Axeaqiy
5	1	30	1	18	8	1008	679	26	17	10.801682	aup
5	1	30	1	18	9	1041	678	41	18	82.774506	Woy
5	1	30	1	18	10	1088	677	52	18	67.668983	spaou
5	1	30	1	18	11	1146	671	44	22	75.769104	Asnp
5	1	30	1	18	12	1194	676	23	17	46.667465	1y
4	1	30	1	19	0	708	699	510	37	-1	
5	1	30	1	19	1	708	718	36	18	77.136078	peas
5	1	30	1	19	2	753	717	5	16	78.245796	|
5	1	30	1	19	3	767	709	99	18	40.626129	sodedsmau
5	1	30	1	19	4	874	712	28	17	34.728439	aup
5	1	30	1	19	5	909	711	29	17	67.924248	Joy
5	1	30	1	19	6	947	709	37	19	65.386383	per
5	1	30	1	19	7	993	708	33	18	66.922119	pur
5	1	30	1	19	8	1033	700	81	22	23.802338	sanareSto
5	1	30	1	19	9	1120	705	27	17	65.152451	say
5	1	30	1	19	10	1154	699	64	23	3.499756	aysnouq
2	1	31	0	0	0	856	727	364	198	-1	
3	1	31	1	0	0	856	727	363	84	-1	
4	1	31	1	1	0	978	727	240	27	-1	
5	1	31	1	1	1	978	738	4	16	17.927101	]
5	1	31	1	1	2	1000	736	50	18	0.000000	‘waya
5	1	31	1	1	3	1066	735	21	17	93.839249	aq
5	1	31	1	1	4	1102	734	18	11	43.528282	01
5	1	31	1	1	5	1135	727	83	24	92.251099	pasoddns
4	1	31	1	2	0	856	755	362	46	-1	
5	1	31	1	2	1	856	759	115	42	44.018406	ey
5	1	31	1	2	2	977	766	35	11	46.357883	Sem
5	1	31	1	2	3	1026	765	4	17	66.015526	|
5	1	31	1	2	4	1044	763	80	17	0.000000	JOAI04M
5	1	31	1	2	5	1137	760	46	17	53.219902	OUD
5	1	31	1	2	6	1195	755	23	16	49.247681	Aut
4	1	31	1	3	0	956	786	263	25	-1	
5	1	31	1	3	1	956	799	2	11	29.578606	f
5	1	31	1	3	2	977	789	87	22	0.000000	Sursiyupes
5	1	31	1	3	3	1070	786	50	23	79.945244	nod
5	1	31	1	3	4	1126	790	26	11	4.657562	jo.1no
5	1	31	1	3	5	1157	789	43	18	66.534157	ypnut
5	1	31	1	3	6	1205	788	14	10	92.328209	os
3	1	31	2	0	0	978	813	242	112	-1	
4	1	31	2	1	0	978	813	241	27	-1	
5	1	31	2	1	1	978	823	44	17	33.090378	soyen
5	1	31	2	1	2	1029	822	10	16	42.437626	at
5	1	31	2	1	3	1046	821	29	16	28.537651	ng,
5	1	31	2	1	4	1082	820	30	17	52.767887	ay
5	1	31	2	1	5	1117	813	35	23	2.594131	djoy
5	1	31	2	1	6	1158	818	15	10	57.204765	01
5	1	31	2	1	7	1179	816	40	19	0.000000	pjne>
4	1	31	2	2	0	981	845	238	24	-1	
5	1	31	2	2	1	981	853	4	16	29.141136	]
5	1	31	2	2	2	997	852	43	17	13.134064	1eYM
5	1	31	2	2	3	1050	850	28	18	52.457024	PIP
5	1	31	2	2	4	1088	850	5	16	55.967274	|
5	1	31	2	2	5	1104	847	58	19	16.912422	“TOoUps
5	1	31	2	2	6	1170	846	17	18	76.250748	Jo
5	1	31	2	2	7	1196	845	23	11	58.778706	m0
4	1	31	2	3	0	980	873	240	25	-1	
5	1	31	2	3	1	980	875	29	16	29.656967	dosp
5	1	31	2	3	2	1029	880	24	10	81.576195	our
5	1	31	2	3	3	1061	878	52	18	46.928253	paoioy
5	1	31	2	3	4	1119	874	68	19	30.025505	ssoupett
5	1	31	2	3	5	1194	873	26	18	75.418411	pue
4	1	31	2	4	0	982	897	238	28	-1	
5	1	31	2	4	1	982	902	140	23	15.680878	uorssaidap
5	1	31	2	4	2	1074	897	16	32	88.292358	jo
5	1	31	2	4	3	1098	897	22	32	53.338299	say
5	1	31	2	4	4	1127	904	25	17	56.486031	194
5	1	31	2	4	5	1159	903	25	15	36.310844	Ng
5	1	31	2	4	6	1190	897	30	15	27.271713	“hea
2	1	32	0	0	0	983	929	237	26	-1	
3	1	32	1	0	0	983	929	237	26	-1	
4	1	32	1	1	0	983	929	237	26	-1	
5	1	32	1	1	1	983	938	34	17	18.933289	yey?
5	1	32	1	1	2	1025	937	25	10	32.435043	DUT
5	1	32	1	1	3	1059	936	24	17	0.000000	Oy
5	1	32	1	1	4	1091	933	46	17	0.000000	JaIseo
5	1	32	1	1	5	1145	932	20	17	33.913994	St
5	1	32	1	1	6	1173	929	47	18	2.575714	SYUNP
2	1	33	0	0	0	694	191	174	33	-1	
3	1	33	1	0	0	694	191	174	33	-1	
4	1	33	1	1	0	694	191	174	33	-1	
5	1	33	1	1	1	694	205	46	15	49.277874	guros
5	1	33	1	1	2	746	203	23	12	62.402969	UO
5	1	33	1	1	3	771	191	97	33	0.000000	paaraouoe
2	1	34	0	0	0	703	548	36	18	-1	
3	1	34	1	0	0	703	548	36	18	-1	
4	1	34	1	1	0	703	548	36	18	-1	
5	1	34	1	1	1	703	548	36	18	36.805706	ayn
2	1	35	0	0	0	728	662	9	16	-1	
3	1	35	1	0	0	728	662	9	16	-1	
4	1	35	1	1	0	728	662	9	16	-1	
5	1	35	1	1	1	728	662	9	16	95.000000	 
2	1	36	0	0	0	983	956	237	57	-1	
3	1	36	1	0	0	983	956	237	57	-1	
4	1	36	1	1	0	983	956	237	28	-1	
5	1	36	1	1	1	983	967	31	17	58.766460	ays
5	1	36	1	1	2	1021	965	59	17	23.301651	“ureaup
5	1	36	1	1	3	1085	963	23	17	46.286983	sty,
5	1	36	1	1	4	1113	956	77	21	7.981598	Surmojjoy
5	1	36	1	1	5	1195	958	25	10	46.290047	Sea
4	1	36	1	2	0	984	984	236	29	-1	
5	1	36	1	2	1	984	996	19	17	55.504841	oy
5	1	36	1	2	2	1009	995	24	9	60.129627	aur
5	1	36	1	2	3	1039	993	31	18	10.114532	syjaa
5	1	36	1	2	4	1075	990	59	18	0.000000	soqpout
5	1	36	1	2	5	1140	984	26	21	0.000000	AW
5	1	36	1	2	6	1173	984	47	18	0.000000	‘ourse2
2	1	37	0	0	0	983	1009	238	45	-1	
3	1	37	1	0	0	983	1009	238	45	-1	
4	1	37	1	1	0	990	1009	211	14	-1	
5	1	37	1	1	1	990	1019	3	4	72.060440	3
5	1	37	1	1	2	1149	1009	40	8	38.333015	3109
5	1	37	1	1	3	1197	1014	4	1	70.831848	St
4	1	37	1	2	0	983	1013	237	28	-1	
5	1	37	1	2	1	983	1020	28	21	6.244553	Big
5	1	37	1	2	2	1020	1024	8	9	3.116364	v
5	1	37	1	2	3	1036	1022	24	17	39.763702	10J
5	1	37	1	2	4	1069	1020	43	18	78.642303	YIOM
5	1	37	1	2	5	1120	1018	15	11	38.393192	OF
5	1	37	1	2	6	1143	1013	45	19	60.795864	Burod
5	1	37	1	2	7	1195	1013	25	10	55.041924	seat
4	1	37	1	3	0	1166	1040	55	14	-1	
5	1	37	1	3	1	1166	1044	27	10	8.009865	sam
5	1	37	1	3	2	1199	1040	22	12	55.755112	INO
2	1	38	0	0	0	1230	998	20	59	-1	
3	1	38	1	0	0	1230	998	20	59	-1	
4	1	38	1	1	0	1230	998	20	34	-1	
5	1	38	1	1	1	1230	998	20	34	95.000000	    
4	1	38	1	2	0	1230	1032	20	25	-1	
5	1	38	1	2	1	1230	1032	20	25	95.000000	 
2	1	39	0	0	0	985	1044	236	124	-1	
3	1	39	1	0	0	985	1044	236	124	-1	
4	1	39	1	1	0	985	1044	180	26	-1	
5	1	39	1	1	1	985	1053	19	17	92.127861	ay
5	1	39	1	1	2	1011	1052	32	17	57.271732	pies
5	1	39	1	1	3	1050	1044	52	21	72.626106	‘seda,
5	1	39	1	1	4	1107	1047	25	15	73.980804	se]
5	1	39	1	1	5	1139	1045	26	11	52.251961	01}
4	1	39	1	2	0	986	1068	234	28	-1	
5	1	39	1	2	1	986	1081	42	12	65.546631	quam
5	1	39	1	2	2	1033	1080	24	16	75.982483	ap
5	1	39	1	2	3	1065	1073	58	16	21.138268	‘Aouow
5	1	39	1	2	4	1129	1073	35	18	20.376556	apy]
5	1	39	1	2	5	1170	1071	33	17	45.371433	pM
5	1	39	1	2	6	1208	1068	12	10	85.375839	sn
4	1	39	1	3	0	987	1095	224	33	-1	
5	1	39	1	3	1	987	1110	25	18	14.398209	IP]
5	1	39	1	3	2	1018	1107	48	18	42.237514	PLY
5	1	39	1	3	3	1071	1101	25	16	44.363274	Aur
5	1	39	1	3	4	1103	1098	32	16	68.498222	‘oSe
5	1	39	1	3	5	1140	1101	29	11	17.951096	sread
5	1	39	1	3	6	1199	1097	12	15	19.239510	Jat
4	1	39	1	4	0	1097	1123	124	26	-1	
5	1	39	1	4	1	1097	1132	29	17	60.521156	wy
5	1	39	1	4	2	1132	1131	15	15	74.927856	ur
5	1	39	1	4	3	1154	1123	67	23	11.557053	pepesut
4	1	39	1	5	0	1189	1151	32	17	-1	
5	1	39	1	5	1	1189	1151	32	17	0.000000	“sid
2	1	40	0	0	0	1169	1057	81	69	-1	
3	1	40	1	0	0	1169	1057	81	69	-1	
4	1	40	1	1	0	1169	1057	81	69	-1	
5	1	40	1	1	1	1169	1057	81	69	95.000000	  
2	1	41	0	0	0	987	1156	235	99	-1	
3	1	41	1	0	0	987	1156	222	50	-1	
4	1	41	1	1	0	987	1156	189	27	-1	
5	1	41	1	1	1	987	1164	75	19	42.228149	sureusas
5	1	41	1	1	2	1075	1156	101	21	10.001236	Surprowos
4	1	41	1	2	0	1102	1177	107	29	-1	
5	1	41	1	2	1	1102	1189	8	17	53.489601	yy
5	1	41	1	2	2	1118	1184	59	19	16.355362	saqpour
5	1	41	1	2	3	1184	1177	25	20	91.234047	AW
3	1	41	2	0	0	1158	1204	64	51	-1	
4	1	41	2	1	0	1158	1204	64	21	-1	
5	1	41	2	1	1	1158	1212	18	11	75.380219	ue
5	1	41	2	1	2	1181	1204	41	21	0.000000	2Spyy
4	1	41	2	2	0	1162	1232	60	23	-1	
5	1	41	2	2	1	1162	1232	60	23	1.646179	‘sojdus
2	1	42	0	0	0	988	1190	224	96	-1	
3	1	42	1	0	0	988	1190	111	22	-1	
4	1	42	1	1	0	988	1190	111	22	-1	
5	1	42	1	1	1	988	1195	31	17	0.000000	ayry
5	1	42	1	1	2	1026	1192	51	16	55.215340	sasing
5	1	42	1	1	3	1084	1190	15	10	83.259445	se
3	1	42	2	0	0	1033	1214	179	72	-1	
4	1	42	2	1	0	1033	1214	123	23	-1	
5	1	42	2	1	1	1033	1220	39	17	42.741779	ssaney
5	1	42	2	1	2	1079	1219	9	15	46.430878	at
5	1	42	2	1	3	1095	1215	46	19	50.841591	ystuy
5	1	42	2	1	4	1147	1214	9	17	51.806648	P
4	1	42	2	2	0	1044	1243	112	21	-1	
5	1	42	2	2	1	1044	1250	12	10	20.122917	Ak
5	1	42	2	2	2	1061	1248	19	16	42.499767	2G
5	1	42	2	2	3	1086	1245	36	18	0.000000	1,UED
5	1	42	2	2	4	1127	1243	29	14	24.028412	OM,
4	1	42	2	3	0	1113	1265	99	21	-1	
5	1	42	2	3	1	1113	1269	53	17	22.210838	UEP
5	1	42	2	3	2	1172	1265	40	19	90.451515	POD»
2	1	43	0	0	0	1230	1126	20	140	-1	
3	1	43	1	0	0	1230	1126	20	140	-1	
4	1	43	1	1	0	1230	1126	20	140	-1	
5	1	43	1	1	1	1230	1126	20	140	95.000000	   
2	1	44	0	0	0	723	1246	320	28	-1	
3	1	44	1	0	0	723	1246	320	28	-1	
4	1	44	1	1	0	723	1246	320	28	-1	
5	1	44	1	1	1	723	1257	26	17	26.349960	aup
5	1	44	1	1	2	757	1258	15	15	82.690239	uy
5	1	44	1	1	3	780	1257	38	10	48.442173	uz09
5	1	44	1	1	4	825	1257	33	16	0.000000	3eqp
5	1	44	1	1	5	866	1250	27	17	90.633911	ind
5	1	44	1	1	6	900	1255	33	16	92.883965	nox
5	1	44	1	1	7	940	1253	44	18	43.788792	“pooy
5	1	44	1	1	8	990	1246	53	16	49.313702	Sunses
2	1	45	0	0	0	724	1276	499	74	-1	
3	1	45	1	0	0	724	1276	494	27	-1	
4	1	45	1	1	0	724	1276	308	26	-1	
5	1	45	1	1	1	724	1286	27	16	88.424858	say
5	1	45	1	1	2	759	1286	16	10	65.930458	01
5	1	45	1	1	3	782	1280	59	21	6.890060	sxaSuy
5	1	45	1	1	4	848	1285	27	16	84.119606	soy
5	1	45	1	1	5	882	1278	37	17	87.492386	sind
5	1	45	1	1	6	927	1283	31	17	78.410088	pur
5	1	45	1	1	7	965	1276	33	15	40.148525	shes
5	1	45	1	1	8	1005	1280	27	16	90.610794	ays
4	1	45	1	2	0	832	1289	386	14	-1	
5	1	45	1	2	1	832	1299	5	3	17.962944	i
5	1	45	1	2	2	1117	1301	3	2	11.362221	$
5	1	45	1	2	3	1182	1290	2	2	55.983940	{
5	1	45	1	2	4	1195	1289	23	13	37.529198	wioy
3	1	45	2	0	0	888	1288	335	62	-1	
4	1	45	2	1	0	888	1288	335	39	-1	
5	1	45	2	1	1	888	1305	67	22	49.382736	-ssoarnb
5	1	45	2	1	2	962	1306	35	21	47.490658	parol
5	1	45	2	1	3	1004	1307	32	16	77.174065	JOH
5	1	45	2	1	4	1044	1299	97	21	37.193012	“Buryouss
5	1	45	2	1	5	1127	1288	12	36	64.932388	jo
5	1	45	2	1	6	1146	1294	48	13	7.231125	sxeak
5	1	45	2	1	7	1205	1294	3	7	10.066193	0
5	1	45	2	1	8	1218	1288	5	18	62.937374	y
4	1	45	2	2	0	1058	1316	165	34	-1	
5	1	45	2	2	1	1058	1331	62	19	24.459946	pyursn
5	1	45	2	2	2	1127	1327	24	10	49.317184	are
5	1	45	2	2	3	1158	1322	31	12	48.027576	$249
5	1	45	2	2	4	1196	1316	27	17	60.414459	rH
2	1	46	0	0	0	1101	1266	149	21	-1	
3	1	46	1	0	0	1101	1266	149	21	-1	
4	1	46	1	1	0	1101	1266	149	21	-1	
5	1	46	1	1	1	1101	1274	9	10	95.000000	 
5	1	46	1	1	2	1230	1266	20	21	95.000000	 
2	1	47	0	0	0	1064	1273	34	18	-1	
3	1	47	1	0	0	1064	1273	34	18	-1	
4	1	47	1	1	0	1064	1273	34	18	-1	
5	1	47	1	1	1	1064	1273	34	18	37.557983	oef
5	1	47	1	1	2	1096	1259	6	36	31.944717	“
2	1	48	0	0	0	1037	1277	213	69	-1	
3	1	48	1	0	0	1037	1277	213	69	-1	
4	1	48	1	1	0	1037	1277	213	17	-1	
5	1	48	1	1	1	1037	1277	25	17	95.000000	 
5	1	48	1	1	2	1108	1287	2	2	95.000000	 
5	1	48	1	1	3	1230	1287	20	1	95.000000	 
4	1	48	1	2	0	1230	1288	20	30	-1	
5	1	48	1	2	1	1230	1288	20	30	95.000000	  
4	1	48	1	3	0	1230	1318	20	28	-1	
5	1	48	1	3	1	1230	1318	20	28	95.000000	  
2	1	49	0	0	0	726	1335	482	125	-1	
3	1	49	1	0	0	726	1335	482	125	-1	
4	1	49	1	1	0	726	1335	328	24	-1	
5	1	49	1	1	1	726	1342	40	17	50.055153	Yep
5	1	49	1	1	2	775	1343	32	16	82.059753	pue
5	1	49	1	1	3	816	1342	44	17	0.000000	sxprip
5	1	49	1	1	4	869	1341	45	17	47.480755	soo]
5	1	49	1	1	5	924	1340	35	16	77.023956	urys
5	1	49	1	1	6	970	1338	26	16	23.479164	49Y
5	1	49	1	1	7	1005	1336	31	18	25.470192	PUe
5	1	49	1	1	8	1045	1335	9	16	0.000000	P;
4	1	49	1	2	0	939	1360	162	23	-1	
5	1	49	1	2	1	939	1362	39	21	44.298676	Suoy
5	1	49	1	2	2	986	1363	67	19	37.596237	soyppour
5	1	49	1	2	3	1059	1360	42	17	32.428886	sxe?
4	1	49	1	3	0	734	1388	362	27	-1	
5	1	49	1	3	1	734	1399	67	10	14.215347	Ja1UNOD
5	1	49	1	3	2	810	1399	25	16	0.000000	ay
5	1	49	1	3	3	844	1399	21	9	69.134262	UO
5	1	49	1	3	4	873	1398	34	10	41.820686	‘oor
5	1	49	1	3	5	916	1396	39	17	5.242172	Ieyp
5	1	49	1	3	6	963	1388	37	17	88.192818	sind
5	1	49	1	3	7	1009	1392	31	18	39.671246	pur
5	1	49	1	3	8	1047	1388	49	19	62.902092	spurd
4	1	49	1	4	0	1065	1405	125	22	-1	
5	1	49	1	4	1	1065	1412	68	15	0.000000	ssq1unoo
5	1	49	1	4	2	1142	1408	23	17	8.054817	atp
5	1	49	1	4	3	1175	1405	15	11	0.000000	15Y
4	1	49	1	5	0	1062	1428	146	32	-1	
5	1	49	1	5	1	1062	1440	29	20	58.523094	Seq
5	1	49	1	5	2	1100	1441	24	16	46.141186	arp
5	1	49	1	5	3	1133	1428	41	26	43.683365	sqe
5	1	49	1	5	4	1182	1428	26	18	46.369354	745
2	1	50	0	0	0	1108	1343	115	32	-1	
3	1	50	1	0	0	1108	1343	115	32	-1	
4	1	50	1	1	0	1108	1343	115	32	-1	
5	1	50	1	1	1	1108	1356	29	19	80.189316	pue
5	1	50	1	1	2	1144	1343	50	21	57.971985	sosnied
5	1	50	1	1	3	1199	1343	24	18	61.552940	248
2	1	51	0	0	0	1230	1346	20	27	-1	
3	1	51	1	0	0	1230	1346	20	27	-1	
4	1	51	1	1	0	1230	1346	20	27	-1	
5	1	51	1	1	1	1230	1346	20	27	95.000000	 
2	1	52	0	0	0	727	1364	200	23	-1	
3	1	52	1	0	0	727	1364	200	23	-1	
4	1	52	1	1	0	727	1364	200	23	-1	
5	1	52	1	1	1	727	1371	62	16	22.064659	“tpeaiq
5	1	52	1	1	2	796	1366	83	21	0.000000	Surzaaya
5	1	52	1	1	3	886	1364	41	21	44.536495	dap
2	1	53	0	0	0	1228	1373	22	18	-1	
3	1	53	1	0	0	1228	1373	22	18	-1	
4	1	53	1	1	0	1228	1373	22	18	-1	
5	1	53	1	1	1	1228	1373	22	18	95.000000	 
2	1	54	0	0	0	731	1370	493	73	-1	
3	1	54	1	0	0	731	1370	493	73	-1	
4	1	54	1	1	0	1104	1370	120	30	-1	
5	1	54	1	1	1	1104	1381	48	19	48.446609	us
5	1	54	1	1	2	1136	1373	16	31	76.719528	jo
5	1	54	1	1	3	1159	1378	25	13	27.683258	100
5	1	54	1	1	4	1191	1370	33	23	17.589233	psod
4	1	54	1	2	0	812	1402	396	22	-1	
5	1	54	1	2	1	812	1422	2	2	3.304779	c
5	1	54	1	2	2	1192	1402	16	11	47.199345	srt
4	1	54	1	3	0	731	1419	318	24	-1	
5	1	54	1	3	1	731	1426	23	17	48.513187	ay)
5	1	54	1	3	2	764	1427	50	16	49.198242	syued
5	1	54	1	3	3	824	1427	32	16	52.463646	pure
5	1	54	1	3	4	868	1427	21	9	47.775452	sur
5	1	54	1	3	5	899	1426	17	10	56.466240	03
5	1	54	1	3	6	925	1419	22	16	89.694344	dn
5	1	54	1	3	7	956	1422	56	11	21.303291	sauso>
5	1	54	1	3	8	1020	1420	29	16	56.945972	24S
2	1	55	0	0	0	730	1443	324	29	-1	
3	1	55	1	0	0	730	1443	324	29	-1	
4	1	55	1	1	0	730	1443	324	29	-1	
5	1	55	1	1	1	730	1455	9	9	31.378716	i
5	1	55	1	1	2	749	1455	47	16	0.000000	SUIEIS
5	1	55	1	1	3	807	1455	32	17	32.422241	puke
5	1	55	1	1	4	848	1455	40	17	55.654678	you
5	1	55	1	1	5	898	1454	27	16	27.304466	J9y
5	1	55	1	1	6	936	1453	15	15	85.403839	JO
5	1	55	1	1	7	962	1452	22	14	86.697845	HO
5	1	55	1	1	8	993	1443	36	17	70.930344	svad
5	1	55	1	1	9	1036	1448	18	17	93.821594	jo
2	1	56	0	0	0	1029	1391	221	92	-1	
3	1	56	1	0	0	1029	1391	221	92	-1	
4	1	56	1	1	0	1029	1391	221	92	-1	
5	1	56	1	1	1	1029	1391	221	92	95.000000
