on the oven P How do you Fee Headac Normal. [ell pass ~ rnd So, how did I do?” 5	1	10	1	4	5	974	218	3	2	48.453857	i
4	1	10	1	5	0	187	218	933	51	-1	
5	1	10	1	5	1	187	238	7	28	22.195168	:
5	1	10	1	5	2	210	254	44	15	96.150284	thrust
5	1	10	1	5	3	263	249	16	15	96.784752	he
5	1	10	1	5	4	288	246	40	15	96.778069	knew
5	1	10	1	5	5	338	241	18	15	96.994957	he
5	1	10	1	5	6	363	237	26	17	96.872078	did
5	1	10	1	5	7	779	234	12	7	90.372520	~
5	1	10	1	5	8	878	225	44	16	95.277878	“Not
5	1	10	1	5	9	930	220	33	18	95.277878	bad
5	1	10	1	5	10	970	221	40	15	94.785553	fora
5	1	10	1	5	11	1018	218	37	17	96.704201	rush
5	1	10	1	5	12	1061	218	59	18	95.557365	order.”
4	1	10	1	6	0	181	249	877	25	-1	
5	1	10	1	6	1	181	263	32	11	88.164780	thet
4	1	10	1	7	0	795	246	417	26	-1	
5	1	10	1	7	1	795	246	26	24	52.845604	\
5	1	10	1	7	2	890	253	57	17	96.484047	Glenn
5	1	10	1	7	3	954	248	82	19	96.797211	stretched
5	1	10	1	7	4	1043	247	24	18	96.939423	his
5	1	10	1	7	5	1075	255	33	11	95.394585	arms
5	1	10	1	7	6	1107	247	84	23	92.352127	overhead.
5	1	10	1	7	7	1202	256	10	16	50.715210	“|
2	1	11	0	0	0	293	269	921	33	-1	
3	1	11	1	0	0	293	269	921	33	-1	
4	1	11	1	1	0	293	269	125	22	-1	
5	1	11	1	1	1	293	278	26	10	51.726383	nce.
5	1	11	1	1	2	342	269	48	15	35.559799	Hewas
4	1	11	1	2	0	882	277	332	25	-1	
5	1	11	1	2	1	882	281	48	20	96.735603	think
5	1	11	1	2	2	938	281	3	16	96.602310	I
5	1	11	1	2	3	949	278	51	19	96.934471	could
5	1	11	1	2	4	1007	278	41	17	93.251091	have
5	1	11	1	2	5	1053	277	57	25	13.046570	fought
5	1	11	1	2	6	1130	279	35	19	94.892319	little
5	1	11	1	2	7	1171	281	43	21	85.888466	better
2	1	12	0	0	0	886	308	328	52	-1	
3	1	12	1	0	0	886	308	328	52	-1	
4	1	12	1	1	0	886	308	157	22	-1	
5	1	12	1	1	1	886	320	15	10	90.646515	at
5	1	12	1	1	2	909	312	27	17	94.862961	the
5	1	12	1	1	3	942	309	33	19	96.053490	end
5	1	12	1	1	4	983	308	60	18	94.071152	there.”
4	1	12	1	2	0	904	337	310	23	-1	
5	1	12	1	2	1	904	340	59	18	85.374542	“Don't
5	1	12	1	2	2	970	345	54	15	92.635384	worry
5	1	12	1	2	3	1029	337	49	18	96.852440	about
5	1	12	1	2	4	1085	339	14	16	96.826668	it.
5	1	12	1	2	5	1104	338	43	18	96.881363	They
5	1	12	1	2	6	1152	347	24	12	96.645226	got
5	1	12	1	2	7	1182	341	32	18	89.485168	their
2	1	13	0	0	0	181	275	108	25	-1	
3	1	13	1	0	0	181	275	108	25	-1	
4	1	13	1	1	0	181	275	108	25	-1	
5	1	13	1	1	1	181	288	23	12	84.105988	not
5	1	13	1	1	2	211	281	34	15	76.792007	have
5	1	13	1	1	3	251	283	6	9	76.792007	a
5	1	13	1	1	4	264	275	25	16	83.393669	cha
2	1	14	0	0	0	180	298	210	28	-1	
3	1	14	1	0	0	180	298	210	28	-1	
4	1	14	1	1	0	180	298	210	28	-1	
5	1	14	1	1	1	180	316	20	10	96.887932	no
5	1	14	1	1	2	215	303	52	19	96.505333	match
5	1	14	1	1	3	282	304	25	12	96.986282	for
5	1	14	1	1	4	324	298	66	18	63.400841	Ringo’s
2	1	15	0	0	0	218	320	193	54	-1	
3	1	15	1	0	0	218	320	193	54	-1	
4	1	15	1	1	0	218	320	177	27	-1	
5	1	15	1	1	1	218	343	2	4	64.765053	oth
5	1	15	1	1	2	239	329	39	18	92.566963	and
5	1	15	1	1	3	287	327	24	17	96.908516	the
5	1	15	1	1	4	320	324	40	16	96.586761	knife
5	1	15	1	1	5	369	320	26	17	95.715500	slid
4	1	15	1	2	0	298	349	113	25	-1	
5	1	15	1	2	1	298	355	22	15	92.856987	his
5	1	15	1	2	2	327	349	53	25	92.856987	guard.
5	1	15	1	2	3	398	349	13	15	96.534706	He
2	1	16	0	0	0	179	328	60	27	-1	
3	1	16	1	0	0	179	328	60	27	-1	
4	1	16	1	1	0	179	328	60	27	-1	
5	1	16	1	1	1	179	328	60	27	95.000000	 
2	1	17	0	0	0	178	356	112	24	-1	
3	1	17	1	0	0	178	356	112	24	-1	
4	1	17	1	1	0	178	356	112	24	-1	
5	1	17	1	1	1	178	362	39	18	64.643814	easily
5	1	17	1	1	2	226	356	64	22	96.255203	through
2	1	18	0	0	0	178	367	882	45	-1	
3	1	18	1	0	0	178	367	882	45	-1	
4	1	18	1	1	0	178	367	882	45	-1	
5	1	18	1	1	1	178	387	52	25	95.497192	gasped
5	1	18	1	1	2	240	392	14	9	93.145905	as
5	1	18	1	1	3	263	384	24	16	96.885269	the
5	1	18	1	1	4	296	382	29	16	94.814819	blac
5	1	18	1	1	5	914	369	72	22	63.787861	money's
5	1	18	1	1	6	992	367	68	17	88.374687	worth.”
2	1	19	0	0	0	328	375	881	45	-1	
3	1	19	1	0	0	328	375	881	45	-1	
4	1	19	1	1	0	328	375	116	21	-1	
5	1	19	1	1	1	328	380	12	16	76.181847	Je
5	1	19	1	1	2	350	375	60	20	94.399246	entered
5	1	19	1	1	3	421	375	23	15	96.319321	his
4	1	19	1	2	0	961	397	248	23	-1	
5	1	19	1	2	1	961	399	45	17	96.894455	“You
5	1	19	1	2	2	1015	397	43	18	79.022507	don't
5	1	19	1	2	3	1067	397	46	18	95.674026	think
5	1	19	1	2	4	1121	397	49	23	92.498451	they'll
5	1	19	1	2	5	1178	407	31	11	94.557205	com.
2	1	20	0	0	0	177	421	42	12	-1	
3	1	20	1	0	0	177	421	42	12	-1	
4	1	20	1	1	0	177	421	42	12	-1	
5	1	20	1	1	1	177	421	42	12	91.625198	chest.
2	1	21	0	0	0	205	427	826	32	-1	
3	1	21	1	0	0	205	427	826	32	-1	
4	1	21	1	1	0	209	427	822	27	-1	
5	1	21	1	1	1	209	443	4	1	78.574936	Phe
5	1	21	1	1	2	256	448	5	6	58.860580	las
5	1	21	1	1	3	306	443	14	10	91.900406	ng
5	1	21	1	1	4	331	435	18	16	91.900406	he
5	1	21	1	1	5	359	440	27	10	96.465324	saw
5	1	21	1	1	6	398	432	50	16	96.928452	before
5	1	21	1	1	7	461	429	18	16	96.685326	he
5	1	21	1	1	8	1016	427	15	4	33.304062	ee
4	1	21	1	2	0	205	428	816	31	-1	
5	1	21	1	2	1	205	443	24	16	96.605110	The
5	1	21	1	2	2	242	441	24	15	90.896034	last
5	1	21	1	2	3	278	438	43	20	96.879478	thing
5	1	21	1	2	4	343	444	5	7	96.992226	he
5	1	21	1	2	5	971	428	50	24	22.705063	a
2	1	22	0	0	0	178	456	1035	37	-1	
3	1	22	1	0	0	178	456	1035	37	-1	
4	1	22	1	1	0	201	458	833	26	-1	
5	1	22	1	1	1	201	468	40	16	31.889481	pled
5	1	22	1	1	2	249	451	37	39	94.471405	into
5	1	22	1	1	3	297	463	75	18	93.000862	darkness
5	1	22	1	1	4	382	467	30	10	95.906914	was
5	1	22	1	1	5	424	460	53	16	95.613815	Daisy,
5	1	22	1	1	6	1009	458	25	4	8.652039	a”
4	1	22	1	2	0	178	456	1035	37	-1	
5	1	22	1	2	1	178	470	49	23	75.035324	coppled
5	1	22	1	2	2	253	474	26	9	94.300774	int
5	1	22	1	2	3	1024	456	189	23	0.000000	Acesinadiee
2	1	23	0	0	0	289	487	743	28	-1	
3	1	23	1	0	0	289	487	743	28	-1	
4	1	23	1	1	0	289	489	171	26	-1	
5	1	23	1	1	1	289	500	9	15	88.759422	p-toes,
5	1	23	1	1	2	353	491	52	18	96.735603	kissing
5	1	23	1	1	3	417	489	43	20	95.307915	Ringo
4	1	23	1	2	0	396	487	636	24	-1	
5	1	23	1	2	1	396	507	4	4	33.755295	;
5	1	23	1	2	2	995	487	37	17	95.005470	said.
2	1	24	0	0	0	178	496	1040	186	-1	
3	1	24	1	0	0	178	496	1040	186	-1	
4	1	24	1	1	0	178	496	108	22	-1	
5	1	24	1	1	1	178	496	92	22	96.849174	standing
5	1	24	1	1	2	248	492	17	31	96.689194	on
5	1	24	1	1	3	277	500	9	10	94.535721	ti
4	1	24	1	2	0	1010	516	205	21	-1	
5	1	24	1	2	1	1010	518	44	16	95.404861	“You
5	1	24	1	2	2	1061	516	46	17	96.609055	know
5	1	24	1	2	3	1115	516	100	21	87.988556	something?
5	1	24	1	2	4	1211	512	8	29	87.988556	|
4	1	24	1	3	0	994	536	222	32	-1	
5	1	24	1	3	1	994	546	48	22	91.233757	really
5	1	24	1	3	2	1049	546	28	17	90.396278	did
5	1	24	1	3	3	1084	546	30	17	95.607216	like
5	1	24	1	3	4	1121	545	29	18	91.227806	her.
5	1	24	1	3	5	1158	546	28	17	96.531822	She
5	1	24	1	3	6	1192	536	24	28	96.911980	was
4	1	24	1	4	0	992	575	93	18	-1	
5	1	24	1	4	1	992	575	93	18	94.976677	beautiful.”
4	1	24	1	5	0	1020	603	196	24	-1	
5	1	24	1	5	1	1020	606	57	21	94.838898	“Larry
5	1	24	1	5	2	1087	604	51	18	96.850441	shook
5	1	24	1	5	3	1147	603	23	18	96.595367	his
5	1	24	1	5	4	1179	604	37	18	96.611252	head,
4	1	24	1	6	0	1000	632	218	27	-1	
5	1	24	1	6	1	1000	634	56	25	96.001892	pulled
5	1	24	1	6	2	1062	641	8	10	89.288094	a
5	1	24	1	6	3	1077	640	42	17	89.288094	piece
5	1	24	1	6	4	1124	632	19	18	96.994530	of
5	1	24	1	6	5	1147	639	36	11	96.328148	roast
5	1	24	1	6	6	1189	632	29	18	96.727882	beef
4	1	24	1	7	0	1005	662	211	20	-1	
5	1	24	1	7	1	1005	664	45	18	96.320457	from
5	1	24	1	7	2	1062	663	24	17	96.320457	his
5	1	24	1	7	3	1098	662	42	18	96.794876	teeth
5	1	24	1	7	4	1152	662	36	17	96.794876	with
5	1	24	1	7	5	1198	662	18	16	96.051353	his
2	1	25	0	0	0	179	524	228	49	-1	
3	1	25	1	0	0	179	524	228	49	-1	
4	1	25	1	1	0	179	524	47	18	-1	
5	1	25	1	1	1	179	524	47	18	78.683258	madly.
4	1	25	1	2	0	191	546	216	27	-1	
5	1	25	1	2	1	191	554	80	19	94.562981	Forty-two
5	1	25	1	2	2	277	554	66	12	88.814133	minutes
5	1	25	1	2	3	349	546	58	17	88.814133	later
5	1	25	1	2	4	393	537	18	40	96.469749	he
2	1	26	0	0	0	179	579	71	18	-1	
3	1	26	1	0	0	179	579	71	18	-1	
4	1	26	1	1	0	179	579	71	18	-1	
5	1	26	1	1	1	179	588	28	9	96.110474	was
5	1	26	1	1	2	212	579	38	17	91.366791	dead.
2	1	27	0	0	0	181	658	1036	115	-1	
3	1	27	1	0	0	193	658	237	25	-1	
4	1	27	1	1	0	193	658	237	25	-1	
5	1	27	1	1	1	193	664	42	19	93.637093	Larry
5	1	27	1	1	2	241	660	55	17	96.293716	stuffed
5	1	27	1	1	3	303	660	24	16	92.441849	the
5	1	27	1	1	4	334	659	25	16	92.441849	last
5	1	27	1	1	5	366	658	26	16	96.591797	bite
5	1	27	1	1	6	401	659	15	13	91.631538	of
5	1	27	1	1	7	427	663	3	9	91.631538	a
3	1	27	2	0	0	181	684	1035	32	-1	
4	1	27	2	1	0	181	684	243	28	-1	
5	1	27	2	1	1	181	691	53	21	95.862701	sloppy
5	1	27	2	1	2	244	689	41	15	96.860039	ham,
5	1	27	2	1	3	296	693	38	10	96.729912	roast
5	1	27	2	1	4	345	685	39	17	79.833145	beef,
5	1	27	2	1	5	394	684	30	17	96.930229	and
4	1	27	2	2	0	1010	692	206	24	-1	
5	1	27	2	2	1	1010	700	67	16	96.199326	tongue.
5	1	27	2	2	2	1087	693	14	16	96.051880	“I
5	1	27	2	2	3	1110	692	41	17	78.386917	don't
5	1	27	2	2	4	1160	697	37	10	85.140167	want
5	1	27	2	2	5	1205	696	11	11	85.140167	to
3	1	27	3	0	0	1015	720	202	53	-1	
4	1	27	3	1	0	1015	720	202	20	-1	
5	1	27	3	1	1	1015	723	38	17	96.499748	hear
5	1	27	3	1	2	1063	722	38	17	96.409920	that.
5	1	27	3	1	3	1112	721	38	17	96.684097	Rule
5	1	27	3	1	4	1160	720	57	17	96.428726	number
4	1	27	3	2	0	1019	748	196	25	-1	
5	1	27	3	2	1	1019	759	37	10	94.431549	one:
5	1	27	3	2	2	1063	751	46	17	82.598572	Don't
5	1	27	3	2	3	1114	756	24	17	82.598572	get
5	1	27	3	2	4	1145	748	70	24	95.171196	personally
2	1	28	0	0	0	1026	778	187	20	-1	
3	1	28	1	0	0	1026	778	187	20	-1	
4	1	28	1	1	0	1026	778	187	20	-1	
5	1	28	1	1	1	1026	780	75	18	96.336662	involved
5	1	28	1	1	2	1111	778	37	18	96.336662	with
5	1	28	1	1	3	1159	778	24	17	96.368492	the
5	1	28	1	1	4	1191	784	22	10	95.982216	cus
2	1	29	0	0	0	182	713	247	79	-1	
3	1	29	1	0	0	182	713	247	79	-1	
4	1	29	1	1	0	182	713	226	21	-1	
5	1	29	1	1	1	182	718	53	16	95.204727	cheese
5	1	29	1	1	2	246	715	81	17	96.701065	sandwich
5	1	29	1	1	3	340	720	34	10	95.724159	into
5	1	29	1	1	4	385	713	23	16	96.695114	his
4	1	29	1	2	0	183	742	209	22	-1	
5	1	29	1	2	1	183	744	64	18	87.503212	mouth.
5	1	29	1	2	2	262	744	22	16	96.807648	He
5	1	29	1	2	3	300	742	54	22	96.860413	wiped
5	1	29	1	2	4	367	742	25	15	96.887291	his
4	1	29	1	3	0	183	763	246	29	-1	
5	1	29	1	3	1	183	772	49	17	96.482719	hands
5	1	29	1	3	2	242	779	20	8	95.993645	on
5	1	29	1	3	3	274	771	22	16	95.993645	his
5	1	29	1	3	4	306	775	45	17	91.976120	pants
5	1	29	1	3	5	362	768	30	17	91.976120	and
5	1	29	1	3	6	410	763	19	24	20.201828	&
2	1	30	0	0	0	184	797	911	30	-1	
3	1	30	1	0	0	184	797	911	30	-1	
4	1	30	1	1	0	184	797	208	25	-1	
5	1	30	1	1	1	184	799	71	23	96.864693	punched
5	1	30	1	1	2	262	799	25	15	96.918800	the
5	1	30	1	1	3	293	803	36	14	92.288666	eject
5	1	30	1	1	4	336	797	56	16	96.739296	button
4	1	30	1	2	0	1026	809	69	18	-1	
5	1	30	1	2	1	1026	809	69	18	91.276497	tomers.”
2	1	31	0	0	0	201	959	965	28	-1	
3	1	31	1	0	0	201	959	965	28	-1	
4	1	31	1	1	0	201	959	965	28	-1	
5	1	31	1	1	1	201	959	965	28	95.000000	 
2	1	32	0	0	0	351	1016	693	46	-1	
3	1	32	1	0	0	351	1016	693	46	-1	
4	1	32	1	1	0	351	1016	693	46	-1	
5	1	32	1	1	1	351	1018	76	43	96.823875	The
5	1	32	1	1	2	443	1024	90	37	96.823875	Save
5	1	32	1	1	3	547	1016	61	44	93.295670	the
5	1	32	1	1	4	622	1016	156	45	92.816231	Kildans
5	1	32	1	1	5	795	1017	249	45	94.150475	Foundation
2	1	33	0	0	0	0	993	1212	419	-1	
3	1	33	1	0	0	0	993	1212	419	-1	
4	1	33	1	1	0	0	993	1212	100	-1	
5	1	33	1	1	1	0	1085	192	8	95.000000	 
5	1	33	1	1	2	1044	993	168	92	95.000000	 
4	1	33	1	2	0	0	1093	192	108	-1	
5	1	33	1	2	1	0	1093	192	108	95.000000	 
4	1	33	1	3	0	0	1201	192	59	-1	
5	1	33	1	3	1	0	1201	192	59	95.000000	 
4	1	33	1	4	0	0	1260	191	114	-1	
5	1	33	1	4	1	0	1260	191	114	95.000000	   
4	1	33	1	5	0	0	1374	190	38	-1	
5	1	33	1	5	1	0	1374	190	38	95.000000	 
2	1	34	0	0	0	300	1120	798	116	-1	
3	1	34	1	0	0	300	1120	798	116	-1	
4	1	34	1	1	0	300	1120	798	74	-1	
5	1	34	1	1	1	300	1122	30	40	96.917847	A
5	1	34	1	1	2	346	1121	130	73	96.487442	pledge
5	1	34	1	1	3	493	1120	38	42	96.041435	of
5	1	34	1	1	4	546	1131	132	43	96.405937	money
5	1	34	1	1	5	695	1133	40	30	96.896935	or
5	1	34	1	1	6	748	1122	88	44	96.824127	time
5	1	34	1	1	7	854	1135	73	31	96.824127	can
5	1	34	1	1	8	946	1122	113	44	96.431381	make
5	1	34	1	1	9	1076	1131	22	31	96.756691	a
4	1	34	1	2	0	390	1187	616	49	-1	
5	1	34	1	2	1	390	1187	196	43	96.600204	difference
5	1	34	1	2	2	602	1190	35	40	96.882027	to
5	1	34	1	2	3	656	1200	46	31	96.978760	an
5	1	34	1	2	4	721	1191	115	44	96.784584	entire
5	1	34	1	2	5	854	1193	152	43	96.548485	culture.
2	1	35	0	0	0	888	1316	294	105	-1	
3	1	35	1	0	0	888	1316	168	19	-1	
4	1	35	1	1	0	888	1316	168	19	-1	
5	1	35	1	1	1	888	1316	168	19	90.599838	Save-the-Kildans
3	1	35	2	0	0	889	1341	198	22	-1	
4	1	35	2	1	0	889	1341	198	22	-1	
5	1	35	2	1	1	889	1346	23	17	93.278084	88
5	1	35	2	1	2	920	1346	81	17	93.010948	Mestone
5	1	35	2	1	3	1008	1345	42	17	81.192307	Ave.
5	1	35	2	1	4	1057	1341	30	18	96.809944	NE
3	1	35	3	0	0	890	1364	292	57	-1	
4	1	35	3	1	0	890	1364	292	32	-1	
5	1	35	3	1	1	890	1374	73	22	48.746639	Fenfrag
5	1	35	3	1	2	971	1373	45	22	96.719223	City,
5	1	35	3	1	3	1023	1369	63	20	93.305473	United
5	1	35	3	1	4	1094	1364	88	22	92.679680	Metanates
4	1	35	3	2	0	890	1403	94	18	-1	
5	1	35	3	2	1	890	1403	94	18	83.725937	55021-992
2	1	36	0	0	0	0	1374	1214	56	-1	
3	1	36	1	0	0	0	1374	1214	56	-1	
4	1	36	1	1	0	0	1374	1214	56	-1	
5	1	36	1	1	1	0	1412	890	18	95.000000	 
5	1	36	1	1	2	1201	1374	13	38	95.000000	 
2	1	37	0	0	0	1201	977	12	446	-1	
3	1	37	1	0	0	1201	977	12	446	-1	
4	1	37	1	1	0	1201	977	12	446	-1	
5	1	37	1	1	1	1201	977	12	446	95.000000	 
2	1	38	0	0	0	248	1463	852	9	-1	
3	1	38	1	0	0	248	1463	852	9	-1	
4	1	38	1	1	0	248	1463	852	9	-1	
5	1	38	1	1	1	248	1463	852	9	95.000000	 
2	1	39	0	0	0	174	981	6	488	-1	
3	1	39	1	0	0	174	981	6	488	-1	
4	1	39	1	1	0	174	981	6	488	-1	
5	1	39	1	1	1	174	981	6	488	95.000000	 
2	1	40	0	0	0	0	1412	1250	255	-1	
3	1	40	1	0	0	0	1412	1250	255	-1	
4	1	40	1	1	0	0	1412	1250	255	-1	
5	1	40	1	1	1	0	1412	1250	255	95.000000
