iowa pistons) a8 I entered the basement. I heard The : did anyone ene cand Sense Something was wrong Rarely back and when | Fa harp at night. I held the knife behind my the light. I wante, e eee retin of the.aves [ished on fionchialanity, 4 ed to see this event. The pig observed me There was scat vale ge Sys der: a human being Ning oppressive about the thing. Here was I, £, Crown of creation subservient to a pig. | was hot even its equal ir oA in the fam chy. 5	1	9	1	2	6	955	314	13	18	96.728218	ig
4	1	9	1	3	0	573	313	489	34	-1	
5	1	9	1	3	1	573	329	130	18	22.506927	nies
5	1	9	1	3	2	792	313	25	18	93.224312	nily
5	1	9	1	3	3	824	313	72	19	87.756142	hierarchy.
5	1	9	1	3	4	911	314	17	15	96.992989	The
5	1	9	1	3	5	942	309	25	29	93.071686	pig
5	1	9	1	3	6	974	314	27	15	93.071686	had
5	1	9	1	3	7	1007	314	55	17	95.011627	always
2	1	10	0	0	0	569	138	56	20	-1	
3	1	10	1	0	0	569	138	56	20	-1	
4	1	10	1	1	0	569	138	56	20	-1	
5	1	10	1	1	1	569	138	23	14	96.765640	the
5	1	10	1	1	2	600	144	25	14	96.771919	pig
2	1	11	0	0	0	1077	120	28	126	-1	
3	1	11	1	0	0	1077	120	28	126	-1	
4	1	11	1	1	0	1077	120	28	126	-1	
5	1	11	1	1	1	1085	210	20	36	93.107437	joe
5	1	11	1	1	2	1077	120	24	83	92.722427	bellomy
2	1	12	0	0	0	574	377	501	354	-1	
3	1	12	1	0	0	575	377	494	180	-1	
4	1	12	1	1	0	575	377	490	39	-1	
5	1	12	1	1	1	575	398	68	16	11.953468	arte
5	1	12	1	1	2	654	377	59	39	17.357941	ae
5	1	12	1	1	3	719	384	23	15	93.653488	pig
5	1	12	1	1	4	751	381	36	14	95.988083	knew
5	1	12	1	1	5	799	383	79	25	96.613945	Somehow
5	1	12	1	1	6	884	386	9	12	96.706642	it
5	1	12	1	1	7	899	384	44	14	95.889084	knew.
5	1	12	1	1	8	951	384	22	14	96.910812	No
5	1	12	1	1	9	979	383	50	18	96.670326	longer
5	1	12	1	1	10	1037	386	28	11	96.670326	was
4	1	12	1	2	0	576	406	490	35	-1	
5	1	12	1	2	1	576	421	90	18	0.000000	insieaas
5	1	12	1	2	2	688	407	50	34	30.978455	rede
5	1	12	1	2	3	747	409	27	10	96.316994	one
5	1	12	1	2	4	783	407	15	13	96.580772	of
5	1	12	1	2	5	809	406	47	18	96.991089	placid
5	1	12	1	2	6	866	407	29	14	96.314606	self
5	1	12	1	2	7	903	407	95	15	85.799026	satisfaction.
5	1	12	1	2	8	1008	407	37	14	96.157608	Now
5	1	12	1	2	9	1056	408	10	12	95.624603	it
4	1	12	1	3	0	576	428	491	33	-1	
5	1	12	1	3	1	576	436	72	25	6.885521	neue
5	1	12	1	3	2	671	430	25	26	84.812866	pig
5	1	12	1	3	3	702	428	51	14	95.073593	should
5	1	12	1	3	4	759	428	42	15	96.876701	when
5	1	12	1	3	5	806	430	87	15	96.755951	confronted
5	1	12	1	3	6	898	431	17	18	96.923317	by
5	1	12	1	3	7	922	435	8	10	94.222679	a
5	1	12	1	3	8	936	435	37	10	94.222679	man.
5	1	12	1	3	9	980	430	10	14	89.942184	It
5	1	12	1	3	10	996	428	71	21	96.926071	squealed
4	1	12	1	4	0	577	442	490	42	-1	
5	1	12	1	4	1	577	469	3	15	2.108475	;
5	1	12	1	4	2	593	442	16	39	66.145264	at
5	1	12	1	4	3	615	475	4	4	0.000000	‘
5	1	12	1	4	4	629	452	6	14	57.744007	ly
5	1	12	1	4	5	643	449	29	14	96.794792	and
5	1	12	1	4	6	678	451	80	15	96.794792	scrambled
5	1	12	1	4	7	764	455	15	11	96.764351	to
5	1	12	1	4	8	784	453	23	14	96.764351	the
5	1	12	1	4	9	814	458	50	10	96.647362	corner
5	1	12	1	4	10	870	455	14	13	94.832733	of
5	1	12	1	4	11	885	453	29	15	96.962173	the
5	1	12	1	4	12	920	459	32	13	95.838684	pen.
5	1	12	1	4	13	959	454	4	14	83.743240	I
5	1	12	1	4	14	970	453	58	15	91.377983	entered
5	1	12	1	4	15	1038	452	29	15	96.575684	and
4	1	12	1	5	0	582	470	487	25	-1	
5	1	12	1	5	1	582	470	48	15	96.712532	locked
5	1	12	1	5	2	635	471	23	15	96.271606	the
5	1	12	1	5	3	664	476	31	15	96.271606	gate
5	1	12	1	5	4	703	466	49	32	96.869499	behind
5	1	12	1	5	5	759	480	21	9	74.050018	me.
5	1	12	1	5	6	791	476	3	14	92.642288	I
5	1	12	1	5	7	801	476	18	15	95.911835	let
5	1	12	1	5	8	824	477	23	14	96.945793	the
5	1	12	1	5	9	852	477	39	14	94.148209	knife
5	1	12	1	5	10	897	477	23	14	92.060394	fall
5	1	12	1	5	11	927	480	14	11	95.752502	to
5	1	12	1	5	12	946	482	24	13	77.965591	my
5	1	12	1	5	13	974	477	32	14	87.940865	side
5	1	12	1	5	14	1011	476	14	15	20.726646	in
5	1	12	1	5	15	1029	476	40	15	20.726646	clear
4	1	12	1	6	0	578	495	491	37	-1	
5	1	12	1	6	1	578	498	36	34	46.289001	ve
5	1	12	1	6	2	621	495	15	15	96.088402	of
5	1	12	1	6	3	642	496	23	15	96.437721	the
5	1	12	1	6	4	671	498	57	14	95.848785	animal.
5	1	12	1	6	5	734	498	10	14	52.639690	It
5	1	12	1	6	6	749	503	36	10	96.409744	went
5	1	12	1	6	7	793	500	38	16	96.337486	wild,
5	1	12	1	6	8	838	491	72	32	96.594772	squealing
5	1	12	1	6	9	915	501	27	13	96.594772	and
5	1	12	1	6	10	948	504	61	15	95.200806	running
5	1	12	1	6	11	1014	498	55	16	95.200806	around
4	1	12	1	7	0	574	514	495	47	-1	
5	1	12	1	7	1	574	514	27	47	18.715172	“hi
5	1	12	1	7	2	609	523	77	29	0.000000	Pormaes
5	1	12	1	7	3	693	521	18	15	96.580482	of
5	1	12	1	7	4	716	522	22	15	96.580482	the
5	1	12	1	7	5	746	527	32	14	93.960365	pen,
5	1	12	1	7	6	790	524	78	18	93.960365	trampling
5	1	12	1	7	7	875	524	27	15	96.796150	silk
5	1	12	1	7	8	908	524	71	15	95.197754	cushions
5	1	12	1	7	9	985	523	29	15	96.821373	and
5	1	12	1	7	10	1020	522	49	15	96.090332	velvet
3	1	12	2	0	0	579	543	496	188	-1	
4	1	12	2	1	0	594	543	476	23	-1	
5	1	12	2	1	1	594	543	53	14	74.465424	lankets
5	1	12	2	1	2	660	544	61	16	95.203354	beneath
5	1	12	2	1	3	735	547	32	14	96.559448	mad
5	1	12	2	1	4	774	552	76	14	95.462029	scurrying
5	1	12	2	1	5	857	552	24	14	96.905098	pig
5	1	12	2	1	6	889	547	32	15	92.418159	feet.
5	1	12	2	1	7	936	547	4	15	89.297440	I
5	1	12	2	1	8	948	552	30	10	96.396545	was
5	1	12	2	1	9	984	547	50	18	96.945084	quick,
5	1	12	2	1	10	1041	545	29	16	96.945084	and
4	1	12	2	2	0	579	566	492	23	-1	
5	1	12	2	2	1	579	566	35	15	96.854393	with
5	1	12	2	2	2	620	572	19	10	96.647446	an
5	1	12	2	2	3	645	572	50	10	96.647446	insane
5	1	12	2	2	4	702	569	36	18	88.339638	glee,
5	1	12	2	2	5	744	570	4	13	58.772667	|
5	1	12	2	2	6	755	570	53	19	96.169373	lunged
5	1	12	2	2	7	814	573	12	12	95.917336	at
5	1	12	2	2	8	833	571	23	14	95.917336	the
5	1	12	2	2	9	861	571	41	14	96.736382	beast
5	1	12	2	2	10	907	571	29	14	96.807007	and
5	1	12	2	2	11	941	570	72	19	96.697823	managed
5	1	12	2	2	12	1019	573	15	10	96.697823	to
5	1	12	2	2	13	1039	569	32	19	96.991699	grip
4	1	12	2	3	0	579	591	493	21	-1	
5	1	12	2	3	1	579	595	30	10	95.462814	one
5	1	12	2	3	2	620	591	19	14	96.773186	of
5	1	12	2	3	3	648	594	19	12	96.634346	its
5	1	12	2	3	4	678	592	36	15	96.650230	hind
5	1	12	2	3	5	724	593	38	19	96.306488	legs.
5	1	12	2	3	6	784	594	39	14	96.747429	Then
5	1	12	2	3	7	833	594	37	14	96.834648	with
5	1	12	2	3	8	880	594	19	15	96.113808	all
5	1	12	2	3	9	910	594	18	14	96.320633	of
5	1	12	2	3	10	937	599	25	13	96.736694	my
5	1	12	2	3	11	972	593	59	15	96.442207	muscle
5	1	12	2	3	12	1042	592	30	15	96.430794	and
4	1	12	2	4	0	580	615	493	20	-1	
5	1	12	2	4	1	580	615	114	15	93.092033	determination
5	1	12	2	4	2	703	617	3	14	84.274963	I
5	1	12	2	4	3	714	617	50	18	95.979485	jerked
5	1	12	2	4	4	772	618	23	14	96.956017	the
5	1	12	2	4	5	803	618	54	14	82.368744	animal
5	1	12	2	4	6	871	621	35	11	82.368744	onto
5	1	12	2	4	7	914	618	18	14	95.372711	its
5	1	12	2	4	8	939	617	38	15	96.746925	back
5	1	12	2	4	9	985	617	29	15	96.961334	and
5	1	12	2	4	10	1021	616	36	15	92.921021	with
5	1	12	2	4	11	1064	620	9	10	92.921021	a
4	1	12	2	5	0	582	639	491	21	-1	
5	1	12	2	5	1	582	639	40	14	96.690117	force
5	1	12	2	5	2	631	640	3	13	84.559151	|
5	1	12	2	5	3	644	640	28	14	94.518341	had
5	1	12	2	5	4	680	643	24	12	96.791084	not
5	1	12	2	5	5	712	640	41	15	96.823090	know
5	1	12	2	5	6	763	642	55	18	96.273277	myself
5	1	12	2	5	7	824	641	60	19	96.106972	capable
5	1	12	2	5	8	892	641	28	15	92.814072	of
5	1	12	2	5	9	915	631	9	34	92.814072	I
5	1	12	2	5	10	928	641	35	15	96.933090	bore
5	1	12	2	5	11	970	641	45	14	95.639648	down
5	1	12	2	5	12	1022	644	19	11	96.695824	on
5	1	12	2	5	13	1049	640	24	13	96.695824	the
4	1	12	2	6	0	581	662	494	21	-1	
5	1	12	2	6	1	581	662	43	15	96.597969	beast
5	1	12	2	6	2	634	663	29	15	96.735153	and
5	1	12	2	6	3	673	663	65	20	96.735153	plunged
5	1	12	2	6	4	747	664	24	15	96.965622	the
5	1	12	2	6	5	781	664	43	15	96.755638	blade
5	1	12	2	6	6	835	668	31	11	96.943375	into
5	1	12	2	6	7	875	668	18	11	95.951889	its
5	1	12	2	6	8	903	665	52	14	96.172707	throat.
5	1	12	2	6	9	965	664	19	15	94.951996	Its
5	1	12	2	6	10	994	663	81	19	94.951996	squealing
4	1	12	2	7	0	582	686	493	26	-1	
5	1	12	2	7	1	582	687	101	25	94.151031	immediately
5	1	12	2	7	2	690	688	96	15	96.940865	transformed
5	1	12	2	7	3	792	688	30	15	96.835304	into
5	1	12	2	7	4	827	688	24	15	96.517097	the
5	1	12	2	7	5	857	688	66	19	95.079399	gurgling
5	1	12	2	7	6	929	691	40	15	95.079399	spurt
5	1	12	2	7	7	976	687	15	15	96.935493	of
5	1	12	2	7	8	995	687	46	15	96.163765	blood
5	1	12	2	7	9	1045	686	30	15	96.163765	and
4	1	12	2	8	0	582	710	493	21	-1	
5	1	12	2	8	1	582	716	25	10	94.908760	air.
5	1	12	2	8	2	614	711	3	15	91.625534	I
5	1	12	2	8	3	624	711	50	19	92.177788	pulled
5	1	12	2	8	4	679	712	23	14	95.676826	the
5	1	12	2	8	5	708	712	39	15	95.676826	knife
5	1	12	2	8	6	753	712	83	15	96.240570	downward
5	1	12	2	8	7	842	712	27	15	96.784752	and
5	1	12	2	8	8	875	712	52	19	96.924850	rightly
5	1	12	2	8	9	932	711	49	19	96.916107	gutted
5	1	12	2	8	10	987	711	23	15	96.965797	the
5	1	12	2	8	11	1015	710	60	15	95.846558	animal.
2	1	13	0	0	0	583	732	494	42	-1	
3	1	13	1	0	0	583	732	494	42	-1	
4	1	13	1	1	0	665	732	412	21	-1	
5	1	13	1	1	1	665	736	46	14	96.873512	There
5	1	13	1	1	2	721	741	11	9	96.284927	is
5	1	13	1	1	3	742	740	18	10	96.877602	no
5	1	13	1	1	4	769	736	47	14	96.748589	sound
5	1	13	1	1	5	825	739	16	11	96.962540	to
5	1	13	1	1	6	849	736	23	14	96.897812	the
5	1	13	1	1	7	881	736	34	14	96.736435	dark
5	1	13	1	1	8	925	738	63	11	92.939034	wetness
5	1	13	1	1	9	997	734	19	15	96.920578	of
5	1	13	1	1	10	1022	732	55	21	96.747040	spilled
4	1	13	1	2	0	583	759	50	15	-1	
5	1	13	1	2	1	583	759	50	15	91.708740	blood.
2	1	14	0	0	0	586	805	493	69	-1	
3	1	14	1	0	0	586	805	493	69	-1	
4	1	14	1	1	0	618	805	461	29	-1	
5	1	14	1	1	1	618	832	2	2	45.734119	‘
5	1	14	1	1	2	668	808	15	14	96.425293	In
5	1	14	1	1	3	689	811	72	11	96.805710	moments
5	1	14	1	1	4	767	812	8	10	94.542656	a
5	1	14	1	1	5	781	808	53	14	94.542656	ruckus
5	1	14	1	1	6	840	807	47	18	96.937935	began
5	1	14	1	1	7	892	809	63	16	96.492462	upstairs
5	1	14	1	1	8	960	806	28	14	96.214066	and
5	1	14	1	1	9	995	806	4	14	96.051285	I
5	1	14	1	1	10	1006	805	43	15	96.839073	knew
5	1	14	1	1	11	1054	805	25	14	96.877701	the
4	1	14	1	2	0	586	828	493	23	-1	
5	1	14	1	2	1	586	832	50	19	96.984352	family
5	1	14	1	2	2	643	832	50	14	96.912743	would
5	1	14	1	2	3	698	836	42	10	95.550354	come
5	1	14	1	2	4	746	832	21	14	95.550354	for
5	1	14	1	2	5	773	836	27	10	96.907280	me.
5	1	14	1	2	6	807	832	3	13	95.844337	I
5	1	14	1	2	7	817	832	40	13	93.782509	knew
5	1	14	1	2	8	864	831	23	14	94.743935	the
5	1	14	1	2	9	892	833	110	15	94.743935	consequences
5	1	14	1	2	10	1007	828	72	15	96.896660	would
5	1	14	1	2	11	1062	824	22	31	96.873917	be
4	1	14	1	3	0	586	855	337	19	-1	
5	1	14	1	3	1	586	861	52	10	96.742058	severe
5	1	14	1	3	2	645	856	25	15	96.629402	but
5	1	14	1	3	3	677	857	4	14	92.218941	I
5	1	14	1	3	4	688	857	29	13	96.507561	had
5	1	14	1	3	5	722	855	61	15	96.895981	devised
5	1	14	1	3	6	789	860	9	10	96.575249	a
5	1	14	1	3	7	803	855	34	19	96.347008	plan
5	1	14	1	3	8	843	855	18	14	96.744148	of
5	1	14	1	3	9	865	858	58	15	96.126328	escape.
2	1	15	0	0	0	587	876	499	148	-1	
3	1	15	1	0	0	679	876	402	20	-1	
4	1	15	1	1	0	679	876	402	20	-1	
5	1	15	1	1	1	679	881	4	14	54.347553	|
5	1	15	1	1	2	690	879	55	16	94.079369	stuffed
5	1	15	1	1	3	751	880	23	15	97.007721	the
5	1	15	1	1	4	781	884	57	10	95.329735	carcass
5	1	15	1	1	5	845	882	30	11	94.046234	into
5	1	15	1	1	6	880	883	8	10	94.046234	a
5	1	15	1	1	7	894	878	61	18	96.602219	laundry
5	1	15	1	1	8	961	877	29	19	94.878021	bag
5	1	15	1	1	9	996	876	28	16	94.878021	and
5	1	15	1	1	10	1029	876	52	15	96.744255	before
3	1	15	2	0	0	587	900	496	47	-1	
4	1	15	2	1	0	587	900	495	25	-1	
5	1	15	2	1	1	587	910	59	15	95.527054	anyone
5	1	15	2	1	2	652	904	45	16	95.527054	could
5	1	15	2	1	3	703	904	52	15	95.709068	invade
5	1	15	2	1	4	761	904	22	15	96.844307	the
5	1	15	2	1	5	789	904	76	14	96.583702	basement
5	1	15	2	1	6	871	903	4	14	92.187263	I
5	1	15	2	1	7	881	901	58	20	95.602753	slipped
5	1	15	2	1	8	944	904	25	12	96.643539	out
5	1	15	2	1	9	975	901	23	15	91.646973	the
5	1	15	2	1	10	1004	900	31	15	91.646973	side
5	1	15	2	1	11	1041	900	41	14	96.585297	door.
4	1	15	2	2	0	671	923	412	24	-1	
5	1	15	2	2	1	671	930	21	14	96.645470	As
5	1	15	2	2	2	698	928	45	19	96.825752	youth
5	1	15	2	2	3	748	928	28	15	96.520180	and
5	1	15	2	2	4	782	927	65	19	96.314278	strength
5	1	15	2	2	5	852	927	29	14	96.450462	and
5	1	15	2	2	6	886	928	89	13	96.806030	excitement
5	1	15	2	2	7	980	923	58	16	96.692413	carried
5	1	15	2	2	8	1043	928	29	12	95.646400	me,
5	1	15	2	2	9	1078	923	5	14	46.122662	I
3	1	15	3	0	0	588	948	498	76	-1	
4	1	15	3	1	0	588	948	497	26	-1	
5	1	15	3	1	1	588	955	55	16	96.765167	moved
5	1	15	3	1	2	648	954	60	20	96.989609	quickly
5	1	15	3	1	3	713	952	61	20	96.533028	through
5	1	15	3	1	4	779	953	22	14	94.492157	the
5	1	15	3	1	5	807	951	58	19	94.845673	village.
5	1	15	3	1	6	875	951	1	14	67.098480	I
5	1	15	3	1	7	880	949	54	16	80.997871	moved
5	1	15	3	1	8	939	948	61	20	96.757645	through
5	1	15	3	1	9	1005	948	24	15	96.757645	the
5	1	15	3	1	10	1034	950	51	13	96.138596	streets
4	1	15	3	2	0	588	971	497	27	-1	
5	1	15	3	2	1	588	980	19	16	96.319443	of
5	1	15	3	2	2	612	979	38	16	96.966988	unlit
5	1	15	3	2	3	658	979	46	19	96.954712	shops
5	1	15	3	2	4	711	977	28	16	97.000084	and
5	1	15	3	2	5	746	976	53	21	94.938362	passed
5	1	15	3	2	6	806	976	24	14	96.886398	the
5	1	15	3	2	7	837	974	77	16	95.017464	memorial
5	1	15	3	2	8	921	974	54	15	95.017464	bronze
5	1	15	3	2	9	982	972	49	19	90.931458	effigy
5	1	15	3	2	10	1037	971	19	16	93.861420	of
5	1	15	3	2	11	1061	971	24	15	93.861420	the
4	1	15	3	3	0	589	995	497	29	-1	
5	1	15	3	3	1	589	1010	54	14	96.449570	money
5	1	15	3	3	2	651	1008	25	16	96.126366	pig
5	1	15	3	3	3	682	1008	14	10	96.126366	in
5	1	15	3	3	4	701	1003	23	14	96.651848	the
5	1	15	3	3	5	729	1005	49	12	85.537178	center
5	1	15	3	3	6	783	1000	17	15	85.537178	of
5	1	15	3	3	7	805	1000	22	15	96.334450	the
5	1	15	3	3	8	832	1004	57	15	91.876328	square.
5	1	15	3	3	9	894	999	16	15	96.446983	In
5	1	15	3	3	10	915	998	40	16	96.177727	short
5	1	15	3	3	11	959	997	35	15	96.177727	time
5	1	15	3	3	12	1000	997	5	14	95.313454	I
5	1	15	3	3	13	1011	996	47	15	95.649895	found
5	1	15	3	3	14	1062	995	24	15	95.649895	the
2	1	16	0	0	0	589	1028	107	18	-1	
3	1	16	1	0	0	589	1028	107	18	-1	
4	1	16	1	1	0	589	1028	107	18	-1	
5	1	16	1	1	1	589	1033	65	13	96.839951	exterior
5	1	16	1	1	2	659	1028	37	15	90.829826	wall.
2	1	17	0	0	0	591	1069	503	130	-1	
3	1	17	1	0	0	591	1069	503	130	-1	
4	1	17	1	1	0	676	1069	413	25	-1	
5	1	17	1	1	1	676	1078	3	16	71.909943	I
5	1	17	1	1	2	695	1077	28	16	71.909943	had
5	1	17	1	1	3	731	1075	65	17	96.409592	climbed
5	1	17	1	1	4	803	1075	29	14	96.795021	this
5	1	17	1	1	5	840	1073	33	15	94.708504	wall
5	1	17	1	1	6	882	1077	24	14	96.871681	my
5	1	17	1	1	7	913	1071	47	15	96.908920	entire
5	1	17	1	1	8	968	1069	50	20	96.950676	youth,
5	1	17	1	1	9	1026	1073	18	11	96.873230	so
5	1	17	1	1	10	1051	1073	38	11	96.891037	even
4	1	17	1	2	0	591	1093	500	32	-1	
5	1	17	1	2	1	591	1106	37	15	95.855659	with
5	1	17	1	2	2	635	1110	25	15	96.920845	my
5	1	17	1	2	3	667	1102	49	18	96.765648	added
5	1	17	1	2	4	722	1101	56	17	96.765648	burden
5	1	17	1	2	5	785	1103	10	12	96.953026	it
5	1	17	1	2	6	801	1098	57	21	96.855064	proved
5	1	17	1	2	7	864	1101	38	12	96.986961	none
5	1	17	1	2	8	908	1100	26	11	93.397400	too
5	1	17	1	2	9	939	1094	66	17	93.232979	difficult
5	1	17	1	2	10	1015	1106	1	3	87.999413	.
5	1	17	1	2	11	1022	1093	42	16	81.048386	Once
5	1	17	1	2	12	1070	1097	21	11	96.314507	on
4	1	17	1	3	0	592	1118	499	29	-1	
5	1	17	1	3	1	592	1132	24	15	97.009773	the
5	1	17	1	3	2	623	1129	60	17	96.308502	outside
5	1	17	1	3	3	692	1129	2	15	79.146553	I
5	1	17	1	3	4	701	1126	54	18	96.645134	moved
5	1	17	1	3	5	761	1124	60	21	96.985931	quickly
5	1	17	1	3	6	828	1126	31	12	95.744904	into
5	1	17	1	3	7	864	1122	23	15	96.966164	the
5	1	17	1	3	8	893	1121	71	15	95.326691	distance.
5	1	17	1	3	9	975	1119	5	15	82.187271	I
5	1	17	1	3	10	988	1118	39	16	92.023384	felta
5	1	17	1	3	11	1032	1120	59	16	96.991508	strange
4	1	17	1	4	0	592	1141	500	33	-1	
5	1	17	1	4	1	592	1155	114	19	93.645172	awkwardness
5	1	17	1	4	2	713	1157	14	12	96.962555	in
5	1	17	1	4	3	734	1156	24	15	96.701515	my
5	1	17	1	4	4	766	1151	32	15	96.701515	face
5	1	17	1	4	5	805	1148	29	16	96.589653	and
5	1	17	1	4	6	841	1148	10	15	96.930527	it
5	1	17	1	4	7	857	1147	36	16	96.879128	took
5	1	17	1	4	8	900	1150	22	11	92.324570	me
5	1	17	1	4	9	929	1149	9	12	92.324570	a
5	1	17	1	4	10	945	1146	65	14	94.066315	moment
5	1	17	1	4	11	1017	1146	15	12	94.066315	to
5	1	17	1	4	12	1038	1141	54	16	96.832375	realize
4	1	17	1	5	0	592	1166	502	33	-1	
5	1	17	1	5	1	592	1183	33	16	95.582840	that
5	1	17	1	5	2	635	1182	10	16	95.582840	it
5	1	17	1	5	3	655	1186	32	11	96.284058	was
5	1	17	1	5	4	696	1179	24	16	96.284058	the
5	1	17	1	5	5	730	1176	45	17	96.879173	result
5	1	17	1	5	6	783	1174	19	16	95.633629	of
5	1	17	1	5	7	809	1174	24	15	96.947838	the
5	1	17	1	5	8	843	1172	58	16	96.878067	widest,
5	1	17	1	5	9	910	1169	73	17	95.200668	maddest,
5	1	17	1	5	10	992	1167	40	16	96.425850	teeth
5	1	17	1	5	11	1041	1166	53	19	96.964279	baring
2	1	18	0	0	0	593	1196	354	30	-1	
3	1	18	1	0	0	593	1196	354	30	-1	
4	1	18	1	1	0	593	1196	354	30	-1	
5	1	18	1	1	1	593	1208	46	17	96.175766	smile
5	1	18	1	1	2	647	1211	24	15	96.936745	my
5	1	18	1	1	3	680	1205	65	16	96.631081	features
5	1	18	1	1	4	751	1200	45	17	94.834671	could
5	1	18	1	1	5	802	1198	68	22	93.735527	possibly
5	1	18	1	1	6	877	1196	70	20	78.425400	produce.
2	1	19	0	0	0	595	1241	509	195	-1	
3	1	19	1	0	0	595	1241	509	195	-1	
4	1	19	1	1	0	679	1241	417	35	-1	
5	1	19	1	1	1	679	1257	32	16	96.388321	The
5	1	19	1	1	2	716	1255	25	21	96.959358	pig
5	1	19	1	1	3	747	1258	29	11	95.320435	was
5	1	19	1	1	4	782	1252	48	18	96.952339	heavy
5	1	19	1	1	5	835	1248	29	17	96.855415	and
5	1	19	1	1	6	869	1251	37	16	96.558563	grew
5	1	19	1	1	7	913	1244	60	17	95.995621	heavier
5	1	19	1	1	8	977	1242	36	16	95.513649	with
5	1	19	1	1	9	1017	1241	37	16	93.073189	each
5	1	19	1	1	10	1059	1243	37	16	91.424942	step.
4	1	19	1	2	0	596	1267	502	37	-1	
5	1	19	1	2	1	596	1288	3	16	56.782307	I
5	1	19	1	2	2	609	1286	45	17	94.802391	don’t
5	1	19	1	2	3	662	1285	46	15	96.693169	know
5	1	19	1	2	4	717	1281	34	19	96.564270	why
5	1	19	1	2	5	759	1279	5	16	63.724514	I
5	1	19	1	2	6	773	1275	65	19	96.361320	traveled
5	1	19	1	2	7	846	1278	18	12	94.539124	so
5	1	19	1	2	8	872	1273	21	15	94.539124	far
5	1	19	1	2	9	901	1271	30	16	96.953682	that
5	1	19	1	2	10	938	1268	42	27	96.358360	night
5	1	19	1	2	11	987	1267	29	16	94.532539	as
5	1	19	1	2	12	1013	1261	5	28	63.090134	1
5	1	19	1	2	13	1025	1270	31	12	94.701538	was
5	1	19	1	2	14	1064	1269	34	12	96.577171	sure
4	1	19	1	3	0	595	1288	505	42	-1	
5	1	19	1	3	1	595	1314	42	16	96.659195	there
5	1	19	1	3	2	645	1308	52	19	96.970253	would
5	1	19	1	3	3	704	1308	19	15	96.739929	be
5	1	19	1	3	4	730	1311	19	11	96.561569	no
5	1	19	1	3	5	756	1308	28	13	96.273132	one
5	1	19	1	3	6	792	1299	79	19	95.832954	following
5	1	19	1	3	7	878	1301	28	12	96.495621	me.
5	1	19	1	3	8	912	1295	32	16	96.934998	The
5	1	19	1	3	9	950	1288	71	35	96.304031	villagers
5	1	19	1	3	10	1027	1290	29	17	96.165703	had
5	1	19	1	3	11	1063	1289	37	20	96.537132	long
4	1	19	1	4	0	596	1310	506	48	-1	
5	1	19	1	4	1	596	1339	43	17	96.957008	since
5	1	19	1	4	2	643	1336	33	22	96.773300	quit
5	1	19	1	4	3	685	1334	39	22	96.633034	going
5	1	19	1	4	4	732	1334	24	14	94.805595	out
5	1	19	1	4	5	761	1333	30	13	91.373047	into
5	1	19	1	4	6	795	1328	23	16	93.249847	the
5	1	19	1	4	7	824	1322	78	20	91.158310	worldand
5	1	19	1	4	8	902	1310	28	42	94.909004	had
5	1	19	1	4	9	940	1320	71	26	88.963280	overtime
5	1	19	1	4	10	1021	1310	81	42	96.713974	developed
4	1	19	1	5	0	597	1335	506	50	-1	
5	1	19	1	5	1	597	1372	8	11	76.574104	a
5	1	19	1	5	2	613	1366	39	16	76.574104	keen
5	1	19	1	5	3	660	1365	45	14	96.745285	sense
5	1	19	1	5	4	712	1358	19	17	96.745285	of
5	1	19	1	5	5	737	1357	30	17	96.927971	fear
5	1	19	1	5	6	773	1355	92	16	47.418842	conceming
5	1	19	1	5	7	871	1349	24	15	97.014732	the
5	1	19	1	5	8	902	1346	92	16	91.973053	wilderness.
5	1	19	1	5	9	1001	1335	81	50	0.000000	avied
5	1	19	1	5	10	1089	1338	14	17	96.276039	if
4	1	19	1	6	0	597	1360	507	53	-1	
5	1	19	1	6	1	597	1393	40	17	96.867607	their
5	1	19	1	6	2	643	1394	35	17	96.922905	pigs
5	1	19	1	6	3	685	1390	40	13	95.762985	were
5	1	19	1	6	4	732	1381	63	20	95.592667	healthy,
5	1	19	1	6	5	802	1379	34	27	96.540649	they
5	1	19	1	6	6	843	1379	39	13	96.519516	were
5	1	19	1	6	7	889	1373	52	19	95.015427	happy.
5	1	19	1	6	8	947	1369	25	17	95.916412	On
5	1	19	1	6	9	974	1364	45	49	48.165466	ute
5	1	19	1	6	10	1014	1360	90	51	0.000000	seaen
4	1	19	1	7	0	599	1394	497	42	-1	
5	1	19	1	7	1	599	1416	58	20	42.839779	[could
5	1	19	1	7	2	662	1416	26	16	96.887222	not
5	1	19	1	7	3	694	1410	45	19	94.885864	recall
5	1	19	1	7	4	744	1409	24	16	88.607773	the
5	1	19	1	7	5	773	1407	27	16	74.645287	last
5	1	19	1	7	6	806	1407	35	14	92.421707	time
5	1	19	1	7	7	846	1407	9	10	58.644691	@
5	1	19	1	7	8	860	1404	25	17	63.948174	PIB
5	1	19	1	7	9	889	1397	29	17	96.713692	had
5	1	19	1	7	10	922	1396	38	17	89.401543	been
5	1	19	1	7	11	965	1398	15	11	50.786629	m
5	1	19	1	7	12	1044	1403	4	3	76.139366	.
5	1	19	1	7	13	1087	1394	9	11	78.177696	Better
2	1	20	0	0	0	599	1432	214	30	-1	
3	1	20	1	0	0	599	1432	214	30	-1	
4	1	20	1	1	0	599	1432	214	30	-1	
5	1	20	1	1	1	599	1444	33	18	95.212982	safe
5	1	20	1	1	2	640	1443	36	16	96.023087	than
5	1	20	1	1	3	684	1443	41	15	92.906975	sorry
5	1	20	1	1	4	734	1437	4	15	72.098671	!
5	1	20	1	1	5	746	1432	67	20	86.143509	thought.
2	1	21	0	0	0	1099	742	38	17	-1	
3	1	21	1	0	0	1099	742	38	17	-1	
4	1	21	1	1	0	1099	742	38	17	-1	
5	1	21	1	1	1	1099	742	38	17	69.013565	-25-
2	1	22	0	0	0	1120	1268	27	183	-1	
3	1	22	1	0	0	1120	1268	27	183	-1	
4	1	22	1	1	0	1120	1268	27	183	-1	
5	1	22	1	1	1	1127	1404	20	47	94.142418	The
5	1	22	1	1	2	1124	1314	23	83	96.577629	Money
5	1	22	1	1	3	1120	1268	25	38	95.708298	Pig
2	1	23	0	0	0	1122	0	128	1667	-1	
3	1	23	1	0	0	1122	0	128	1667	-1	
4	1	23	1	1	0	1122	0	128	1667	-1	
5	1	23	1	1	1	1122	0	128	1667	95.000000

if

the up

it

the our
