cat on a fencepost, eyes darting about in search Steaua ek) Oolee slowly uncurled and stood in the oflight. Dust motes swirled and dodged like Seavaiied| chcee from her little piece of firmament in the suddeily-toiliae ee jiveliness in the Light of God. The air seemed to Giseth tele it was like her father had told her, everything took scien in. Oolee’s eyes had trouble seeing anything but th fits: light that impaled her workspace. ga the wheelbarrow full of peat bricks, propre ae AS She squinted at the earthen wal along the wall to her side. peer “There's a robe; an old robe under the fuel bricks.” “Knock them over. Just get the robe. Even if'yq have to expose yourself to the light to do it. Get the Shea the last weeks. The falling bricks further dusted the alr ay She attacked the pile she’d carefully stacked ov turbid air. She tore down to the soggy bottom. igs Under the fuel stack, was fabric. She remembered di putting it there at the priest’s request in order to shield the floor from the acid bite of the humus. The robe was yt fading at the edges to the pie
4	1	6	1	22	0	62	626	245	24	-1	
5	1	6	1	22	1	62	630	50	20	88.293098	ruddy
5	1	6	1	22	2	121	633	38	16	96.459900	gray
5	1	6	1	22	3	168	627	21	16	96.940010	of
5	1	6	1	22	4	195	626	47	17	96.846550	dried
5	1	6	1	22	5	251	626	56	16	96.273987	blood.
4	1	6	1	23	0	62	652	246	22	-1	
5	1	6	1	23	1	62	659	21	15	96.952965	Its
5	1	6	1	23	2	93	660	64	12	96.771416	weave,
5	1	6	1	23	3	167	658	44	12	96.775139	once
5	1	6	1	23	4	223	653	41	17	72.772835	fine,
5	1	6	1	23	5	276	652	32	16	96.369064	had
4	1	6	1	24	0	62	679	247	22	-1	
5	1	6	1	24	1	62	681	81	20	96.502739	suffered
5	1	6	1	24	2	159	679	76	20	96.399200	terribly
5	1	6	1	24	3	252	679	18	16	96.317635	in
5	1	6	1	24	4	286	682	23	12	96.317635	its
4	1	6	1	25	0	61	705	247	22	-1	
5	1	6	1	25	1	61	709	68	18	96.792061	defense
5	1	6	1	25	2	136	707	21	17	96.802864	of
5	1	6	1	25	3	162	707	27	16	97.004265	the
5	1	6	1	25	4	198	705	110	17	96.676620	floorboards.
2	1	7	0	0	0	618	427	190	47	-1	
3	1	7	1	0	0	618	427	190	47	-1	
4	1	7	1	1	0	618	427	79	17	-1	
5	1	7	1	1	1	614	423	51	29	91.042076	Sacred
5	1	7	1	1	2	672	423	25	29	72.752319	tex!
4	1	7	1	2	0	619	455	189	19	-1	
5	1	7	1	2	1	619	455	19	11	94.893166	an
5	1	7	1	2	2	646	456	81	14	78.001122	enormous
5	1	7	1	2	3	735	456	61	17	96.758926	shadow
5	1	7	1	2	4	804	459	4	15	77.650703	i
2	1	8	0	0	0	620	475	495	45	-1	
3	1	8	1	0	0	620	475	495	45	-1	
4	1	8	1	1	0	620	475	135	21	-1	
5	1	8	1	1	1	620	475	36	17	93.007553	hide
5	1	8	1	1	2	661	478	49	17	62.366043	Oolce
5	1	8	1	1	3	716	479	39	17	96.775734	from
4	1	8	1	2	0	621	482	494	38	-1	
5	1	8	1	2	1	621	501	98	19	0.000000	eee.
5	1	8	1	2	2	761	482	23	16	95.363411	the
5	1	8	1	2	3	790	483	32	16	95.363411	face
5	1	8	1	2	4	827	485	19	15	96.988327	of
5	1	8	1	2	5	849	486	39	15	96.283699	God.
5	1	8	1	2	6	895	487	30	17	96.902069	Yet,
5	1	8	1	2	7	931	487	18	16	96.953659	he
5	1	8	1	2	8	954	492	31	11	97.014503	was
5	1	8	1	2	9	990	488	53	17	96.910507	below,
5	1	8	1	2	10	1049	488	45	15	96.909256	down
5	1	8	1	2	11	1100	492	15	11	96.338593	in
2	1	9	0	0	0	623	552	498	50	-1	
3	1	9	1	0	0	623	552	498	50	-1	
4	1	9	1	1	0	623	552	17	15	-1	
5	1	9	1	1	1	623	552	17	15	74.666237	M:
4	1	9	1	2	0	624	552	496	41	-1	
5	1	9	1	2	1	624	552	77	41	14.538010	arc
5	1	9	1	2	2	706	554	24	17	96.941460	the
5	1	9	1	2	3	736	555	50	17	95.097923	Dance
5	1	9	1	2	4	791	557	17	16	93.823143	of
5	1	9	1	2	5	812	557	23	17	93.823143	the
5	1	9	1	2	6	841	558	57	21	96.805916	Falling
5	1	9	1	2	7	903	560	40	15	96.345139	Leaf.
5	1	9	1	2	8	948	560	30	15	96.915291	She
5	1	9	1	2	9	982	560	53	20	92.924507	placed
5	1	9	1	2	10	1040	560	26	16	95.106552	her
5	1	9	1	2	11	1070	560	31	15	92.226341	feet
5	1	9	1	2	12	1105	563	15	12	96.309982	at
4	1	9	1	3	0	678	580	443	22	-1	
5	1	9	1	3	1	678	583	29	11	96.637253	lous
5	1	9	1	3	2	713	580	57	20	96.929741	angles,
5	1	9	1	3	3	776	582	50	20	96.917427	taking
5	1	9	1	3	4	832	584	61	15	96.862579	random
5	1	9	1	3	5	900	585	57	17	96.742477	strides,
5	1	9	1	3	6	963	585	37	15	96.789047	slow
5	1	9	1	3	7	1006	585	29	15	96.789047	and
5	1	9	1	3	8	1041	585	53	15	95.828468	erratic,
5	1	9	1	3	9	1105	587	16	12	88.600006	to
2	1	10	0	0	0	391	668	439	53	-1	
3	1	10	1	0	0	391	668	439	53	-1	
4	1	10	1	1	0	391	668	439	53	-1	
5	1	10	1	1	1	391	668	137	42	92.880569	Oolee
5	1	10	1	1	2	534	669	159	52	92.928284	flailed
5	1	10	1	1	3	706	678	43	33	96.304619	at
5	1	10	1	1	4	763	673	67	39	96.304619	the
2	1	11	0	0	0	16	76	1234	374	-1	
3	1	11	1	0	0	16	76	1234	374	-1	
4	1	11	1	1	0	910	76	340	31	-1	
5	1	11	1	1	1	910	76	340	31	95.000000	 
4	1	11	1	2	0	17	107	1233	51	-1	
5	1	11	1	2	1	17	151	10	7	95.000000	 
5	1	11	1	2	2	910	107	340	25	95.000000	  
4	1	11	1	3	0	16	132	1234	192	-1	
5	1	11	1	3	1	16	158	15	166	95.000000	 
5	1	11	1	3	2	1214	132	36	26	95.000000	  
4	1	11	1	4	0	17	158	1233	218	-1	
5	1	11	1	4	1	17	324	14	52	95.000000	   
5	1	11	1	4	2	1214	158	36	170	95.000000	  
4	1	11	1	5	0	19	328	1231	71	-1	
5	1	11	1	5	1	19	376	14	23	95.000000	 
5	1	11	1	5	2	1224	328	26	23	95.000000	 
4	1	11	1	6	0	20	351	1230	78	-1	
5	1	11	1	6	1	20	399	13	30	95.000000	  
5	1	11	1	6	2	1224	351	26	48	95.000000	  
4	1	11	1	7	0	22	399	1228	51	-1	
5	1	11	1	7	1	22	429	12	21	95.000000	 
5	1	11	1	7	2	1224	399	26	30	95.000000	  
4	1	11	1	8	0	1224	429	26	21	-1	
5	1	11	1	8	1	1224	429	26	21	95.000000	 
2	1	12	0	0	0	1115	122	30	187	-1	
3	1	12	1	0	0	1115	122	30	187	-1	
4	1	12	1	1	0	1115	122	30	187	-1	
5	1	12	1	1	1	1123	234	22	75	96.885246	nathan
5	1	12	1	1	2	1115	122	27	101	93.164169	mcknight
2	1	13	0	0	0	632	375	141	27	-1	
3	1	13	1	0	0	632	375	141	27	-1	
4	1	13	1	1	0	632	375	141	27	-1	
5	1	13	1	1	1	632	375	53	18	93.506622	shield.
5	1	13	1	1	2	692	379	20	16	96.869057	Be
5	1	13	1	1	3	718	384	55	18	90.272934	Strong.
2	1	14	0	0	0	699	401	415	82	-1	
3	1	14	1	0	0	699	405	412	43	-1	
4	1	14	1	1	0	699	405	54	14	-1	
5	1	14	1	1	1	699	405	11	14	59.214981	She
5	1	14	1	1	2	751	407	2	2	59.214981	ti
4	1	14	1	2	0	699	401	412	51	-1	
5	1	14	1	2	1	699	401	76	51	39.233532	abby
5	1	14	1	2	2	781	412	16	13	96.718903	to
5	1	14	1	2	3	803	414	56	15	95.819084	picture
5	1	14	1	2	4	866	413	30	15	96.387939	him
5	1	14	1	2	5	904	417	14	11	96.387939	at
5	1	14	1	2	6	925	415	23	15	96.878685	the
5	1	14	1	2	7	956	415	40	17	96.662071	altar,
5	1	14	1	2	8	1004	416	61	19	96.926605	reading
5	1	14	1	2	9	1072	415	39	15	96.444344	from
3	1	14	2	0	0	773	436	341	47	-1	
4	1	14	2	1	0	773	436	339	22	-1	
5	1	14	2	1	1	773	438	14	11	90.770157	in
5	1	14	2	1	2	791	437	45	14	94.217796	stone.
5	1	14	2	1	3	841	436	26	16	96.872261	His
5	1	14	2	1	4	871	442	63	11	93.306244	massive
5	1	14	2	1	5	938	440	78	18	79.512825	pallidness
5	1	14	2	1	6	1019	440	30	15	92.755127	that
5	1	14	2	1	7	1053	439	59	16	92.755127	excised
4	1	14	2	2	0	810	460	304	23	-1	
5	1	14	2	2	1	810	464	9	11	90.168991	in
5	1	14	2	2	2	827	460	23	16	93.187485	the
5	1	14	2	2	3	859	461	51	16	80.419464	fire-lit
5	1	14	2	2	4	917	463	57	20	94.125870	chapel.
5	1	14	2	2	5	982	464	52	19	93.129059	Surely
5	1	14	2	2	6	1042	464	19	15	93.129059	he
5	1	14	2	2	7	1068	463	46	16	96.720634	could
2	1	15	0	0	0	704	529	414	24	-1	
3	1	15	1	0	0	704	529	414	24	-1	
4	1	15	1	1	0	704	529	414	24	-1	
5	1	15	1	1	1	704	529	31	17	96.917488	The
5	1	15	1	1	2	744	531	35	20	96.613678	only
5	1	15	1	1	3	788	537	33	16	96.613831	way
5	1	15	1	1	4	830	537	15	12	96.352356	to
5	1	15	1	1	5	853	534	31	16	96.177895	fool
5	1	15	1	1	6	893	536	35	15	96.999702	God
5	1	15	1	1	7	937	540	30	11	96.969223	was
5	1	15	1	1	8	975	537	24	14	96.986816	the
5	1	15	1	1	9	1008	537	51	15	96.934509	Dance
5	1	15	1	1	10	1068	536	19	15	96.870529	of
5	1	15	1	1	11	1093	536	25	15	96.924339	the
2	1	16	0	0	0	896	609	231	118	-1	
3	1	16	1	0	0	896	609	231	118	-1	
4	1	16	1	1	0	896	609	226	17	-1	
5	1	16	1	1	1	896	614	59	11	96.681267	ensure
5	1	16	1	1	2	965	609	33	16	96.991470	that
5	1	16	1	1	3	1009	609	42	16	96.934067	from
5	1	16	1	1	4	1062	609	60	17	96.896179	above,
4	1	16	1	2	0	898	633	225	20	-1	
5	1	16	1	2	1	898	634	48	15	90.648506	God’s
5	1	16	1	2	2	952	634	82	19	96.099144	reckoning
5	1	16	1	2	3	1040	633	51	16	96.183540	would
5	1	16	1	2	4	1097	635	26	13	96.942253	not
4	1	16	1	3	0	899	658	225	16	-1	
5	1	16	1	3	1	895	654	27	29	96.789749	see
5	1	16	1	3	2	928	659	15	15	96.474884	in
5	1	16	1	3	3	950	654	23	29	96.387512	her
5	1	16	1	3	4	979	654	54	29	96.366547	motions
5	1	16	1	3	5	1040	654	22	29	96.989792	the
5	1	16	1	3	6	1069	654	58	29	92.700768	telltale
4	1	16	1	4	0	900	683	180	20	-1	
5	1	16	1	4	1	900	683	105	20	96.547890	efficiency
5	1	16	1	4	2	989	679	17	28	84.900345	of
5	1	16	1	4	3	1012	687	4	11	84.900345	a
5	1	16	1	4	4	1020	683	60	15	93.922127	human.
4	1	16	1	5	0	953	706	174	21	-1	
5	1	16	1	5	1	953	708	59	15	96.126534	Cursed
5	1	16	1	5	2	1020	707	62	20	96.126534	beings,
5	1	16	1	5	3	1091	706	36	20	96.981880	they
2	1	17	0	0	0	60	731	1130	221	-1	
3	1	17	1	0	0	61	731	1068	49	-1	
4	1	17	1	1	0	61	732	523	22	-1	
5	1	17	1	1	1	61	736	53	18	88.602432	Oolee
5	1	17	1	1	2	125	732	92	18	96.357773	wondered
5	1	17	1	1	3	228	732	15	16	94.490379	if
5	1	17	1	1	4	252	732	12	16	96.565346	it
5	1	17	1	1	5	274	736	36	11	96.223862	was
5	1	17	1	1	6	447	738	10	9	21.883553	.
5	1	17	1	1	7	575	738	9	9	53.219524	ry
4	1	17	1	2	0	61	731	1068	49	-1	
5	1	17	1	2	1	61	767	40	13	96.516060	even
5	1	17	1	2	2	106	760	86	17	96.723831	wearable.
5	1	17	1	2	3	902	732	20	16	96.305107	all
5	1	17	1	2	4	930	737	44	13	95.364555	were,
5	1	17	1	2	5	982	732	26	16	96.828453	she
5	1	17	1	2	6	1016	732	30	16	95.940742	had
5	1	17	1	2	7	1053	732	57	15	95.940742	known
5	1	17	1	2	8	1118	731	11	15	96.925377	it
3	1	17	2	0	0	61	740	1129	121	-1	
4	1	17	2	1	0	150	740	1040	67	-1	
5	1	17	2	1	1	150	786	78	21	26.155312	me
5	1	17	2	1	2	241	785	69	16	24.676933	ito
5	1	17	2	1	3	410	752	76	35	0.000000	GU,
5	1	17	2	1	4	504	745	140	46	72.879982	trying
5	1	17	2	1	5	658	745	40	34	93.748505	to
5	1	17	2	1	6	710	740	104	51	32.629784	BFAD
5	1	17	2	1	7	904	757	40	16	40.982586	oma
5	1	17	2	1	8	969	757	75	16	30.759338	inousand
5	1	17	2	1	9	1052	756	77	16	71.765182	sermons’
5	1	17	2	1	10	1152	747	38	17	62.764858	1S
4	1	17	2	2	0	61	781	1071	54	-1	
5	1	17	2	2	1	61	815	104	19	0.000000	Seeing
5	1	17	2	2	2	171	812	99	23	0.000000	eashietiie
5	1	17	2	2	3	276	812	35	16	48.214874	size
5	1	17	2	2	4	904	782	116	16	96.627373	exhortations.
5	1	17	2	2	5	1031	781	35	18	96.406036	Yet,
5	1	17	2	2	6	1076	781	12	16	96.406036	it
5	1	17	2	2	7	1098	785	34	11	95.786880	was
4	1	17	2	3	0	61	802	1071	62	-1	
5	1	17	2	3	1	61	843	20	18	96.429352	of
5	1	17	2	3	2	88	843	28	16	96.429352	the
5	1	17	2	3	3	127	841	46	19	96.836227	robe,
5	1	17	2	3	4	183	839	77	18	96.350220	doubled
5	1	17	2	3	5	269	843	43	12	96.363426	over
5	1	17	2	3	6	376	803	217	61	91.276169	handsful
5	1	17	2	3	7	607	820	25	28	52.505089	0
5	1	17	2	3	8	666	803	143	52	93.945129	smoke.
5	1	17	2	3	9	902	802	49	49	42.736359	wavs
5	1	17	2	3	10	959	808	33	15	39.156322	eet
5	1	17	2	3	11	1004	802	12	49	28.238319	bo
5	1	17	2	3	12	1024	802	24	49	14.507751	Lec
5	1	17	2	3	13	1073	802	59	49	0.000000	eneec
3	1	17	3	0	0	60	831	1080	114	-1	
4	1	17	3	1	0	160	831	963	39	-1	
5	1	17	3	1	1	160	868	3	2	0.000000	“
5	1	17	3	1	2	804	831	41	29	60.911938	‘eee
5	1	17	3	1	3	907	833	32	16	95.051476	had
5	1	17	3	1	4	960	833	43	15	95.051476	done
5	1	17	3	1	5	1024	834	18	14	89.539490	to
5	1	17	3	1	6	1062	832	61	15	63.336182	deserv
4	1	17	3	2	0	61	835	1074	53	-1	
5	1	17	3	2	1	61	869	71	19	96.357666	several
5	1	17	3	2	2	150	872	62	14	96.471092	times,
5	1	17	3	2	3	230	865	82	18	96.403374	ensured
5	1	17	3	2	4	908	858	107	16	82.909813	banishment
5	1	17	3	2	5	1040	857	7	15	79.632172	fi
5	1	17	3	2	6	1125	835	10	11	76.087830	:
4	1	17	3	3	0	61	856	1075	58	-1	
5	1	17	3	3	1	57	888	62	34	59.976559	Oolee’s
5	1	17	3	3	2	130	888	44	34	94.115295	little
5	1	17	3	3	3	179	894	44	20	95.149033	body
5	1	17	3	3	4	228	892	84	21	96.701050	complete
5	1	17	3	3	5	911	862	112	41	1.184456	Aes
5	1	17	3	3	6	1029	857	33	49	0.000000	the
5	1	17	3	3	7	1065	857	18	49	0.000000	Us
5	1	17	3	3	8	1088	856	48	40	43.547363	nar
4	1	17	3	4	0	60	882	1083	63	-1	
5	1	17	3	4	1	60	928	87	17	96.542892	coverage.
5	1	17	3	4	2	157	922	43	16	93.536880	“I’m
5	1	17	3	4	3	209	920	67	22	96.673332	putting
5	1	17	3	4	4	285	919	27	16	96.673332	the
5	1	17	3	4	5	911	905	69	29	88.587357	Heaven.
5	1	17	3	4	6	988	882	107	50	0.000000	pangs
5	1	17	3	4	7	1100	901	43	30	96.935570	God
3	1	17	4	0	0	912	931	228	21	-1	
4	1	17	4	1	0	912	931	228	21	-1	
5	1	17	4	1	1	912	927	35	31	87.343872	were
5	1	17	4	1	2	954	927	27	31	96.092453	the
5	1	17	4	1	3	984	932	74	18	96.490181	words
5	1	17	4	1	4	1037	927	16	31	96.994942	of
5	1	17	4	1	5	1060	927	22	31	96.428749	the
5	1	17	4	1	6	1088	927	56	31	96.389809	priest.
2	1	18	0	0	0	57	946	575	566	-1	
3	1	18	1	0	0	60	946	252	24	-1	
4	1	18	1	1	0	60	946	252	24	-1	
5	1	18	1	1	1	60	952	38	18	96.731636	robe
5	1	18	1	1	2	102	956	27	12	93.558502	on.
5	1	18	1	1	3	136	950	4	17	74.375648	I
5	1	18	1	1	4	146	949	45	17	96.605209	think
5	1	18	1	1	5	196	948	12	17	96.616348	it
5	1	18	1	1	6	212	947	33	17	94.364540	will
5	1	18	1	1	7	251	946	61	17	94.799469	work.”
3	1	18	2	0	0	150	969	295	26	-1	
4	1	18	2	1	0	150	969	295	26	-1	
5	1	18	2	1	1	150	977	44	18	93.303764	“Go,
5	1	18	2	1	2	201	975	61	17	85.666634	Oolee.
5	1	18	2	1	3	269	974	57	16	96.946632	Cover
5	1	18	2	1	4	332	976	28	16	96.774406	up,
5	1	18	2	1	5	367	970	33	18	95.497513	and
5	1	18	2	1	6	407	969	38	22	93.099754	go.”
3	1	18	3	0	0	150	993	416	28	-1	
4	1	18	3	1	0	150	993	416	28	-1	
5	1	18	3	1	1	150	1005	43	16	41.709251	“['m
5	1	18	3	1	2	201	1001	71	19	95.195938	afraid.”
5	1	18	3	1	3	279	1000	35	17	96.125069	The
5	1	18	3	1	4	322	999	40	17	96.562378	robe
5	1	18	3	1	5	369	996	71	22	96.891930	dripped
5	1	18	3	1	6	448	995	49	17	96.372421	moist
5	1	18	3	1	7	504	993	62	17	96.697884	stench.
3	1	18	4	0	0	59	1023	560	61	-1	
4	1	18	4	1	0	150	1023	469	26	-1	
5	1	18	4	1	1	150	1032	65	17	96.604836	“Move
5	1	18	4	1	2	222	1030	34	17	95.403740	like
5	1	18	4	1	3	259	1019	9	34	95.403740	a
5	1	18	4	1	4	280	1027	60	22	96.088196	falling
5	1	18	4	1	5	348	1025	39	19	96.576248	leaf,
5	1	18	4	1	6	393	1025	45	17	96.678024	dear.
5	1	18	4	1	7	444	1023	44	17	96.688110	Take
5	1	18	4	1	8	494	1027	18	12	96.967148	as
5	1	18	4	1	9	519	1025	48	16	96.922569	many
5	1	18	4	1	10	574	1023	45	17	96.727379	steps
4	1	18	4	2	0	59	1049	462	35	-1	
5	1	18	4	2	1	59	1068	19	12	96.029312	as
5	1	18	4	2	2	84	1067	34	17	95.453499	you
5	1	18	4	2	3	123	1066	37	12	96.314301	can.
5	1	18	4	2	4	167	1059	37	18	96.853554	The
5	1	18	4	2	5	210	1057	69	18	96.612213	narthex
5	1	18	4	2	6	287	1056	14	17	96.723900	is
5	1	18	4	2	7	308	1055	29	21	96.882019	big
5	1	18	4	2	8	343	1053	33	18	96.915482	and
5	1	18	4	2	9	382	1057	35	17	96.651840	you
5	1	18	4	2	10	423	1056	28	12	93.854027	are
5	1	18	4	2	11	457	1049	64	18	96.364960	small.”
3	1	18	5	0	0	58	1073	568	263	-1	
4	1	18	5	1	0	150	1073	471	32	-1	
5	1	18	5	1	1	150	1087	56	18	29.736526	Oolee
5	1	18	5	1	2	211	1086	53	17	96.724609	threw
5	1	18	5	1	3	270	1081	66	20	96.796036	herself
5	1	18	5	1	4	339	1079	71	23	96.226204	through
5	1	18	5	1	5	416	1078	27	18	97.011345	the
5	1	18	5	1	6	448	1075	115	23	95.882446	complaining
5	1	18	5	1	7	567	1073	54	19	96.763580	hatch,
4	1	18	5	2	0	59	1101	562	38	-1	
5	1	18	5	2	1	59	1118	27	18	93.252869	the
5	1	18	5	2	2	96	1116	68	23	91.688271	priest’s
5	1	18	5	2	3	173	1111	122	22	96.654449	disembodied
5	1	18	5	2	4	305	1110	50	18	95.812996	voice
5	1	18	5	2	5	366	1107	81	21	96.909149	shouting
5	1	18	5	2	6	456	1105	35	16	96.897194	“Be
5	1	18	5	2	7	501	1101	72	22	95.285942	strong,”
5	1	18	5	2	8	583	1104	38	14	94.642487	now
4	1	18	5	3	0	59	1128	564	38	-1	
5	1	18	5	3	1	59	1145	88	21	96.804703	drowning
5	1	18	5	3	2	152	1146	31	15	96.757729	out
5	1	18	5	3	3	188	1143	18	17	96.757729	in
5	1	18	5	3	4	211	1142	29	17	96.853279	the
5	1	18	5	3	5	245	1130	189	34	90.835388	wood-against-wood
5	1	18	5	3	6	438	1131	57	24	96.786003	squeal
5	1	18	5	3	7	501	1130	21	18	96.983345	of
5	1	18	5	3	8	525	1130	27	17	96.301895	the
5	1	18	5	3	9	557	1128	66	18	96.725677	ancient
4	1	18	5	4	0	59	1151	564	41	-1	
5	1	18	5	4	1	59	1174	69	18	96.840157	narthex
5	1	18	5	4	2	134	1173	46	17	96.840157	door.
5	1	18	5	4	3	187	1171	36	17	93.294014	The
5	1	18	5	4	4	229	1167	98	20	88.125000	chamber’s
5	1	18	5	4	5	333	1164	49	19	95.938278	walls
5	1	18	5	4	6	389	1167	45	13	96.433784	were
5	1	18	5	4	7	440	1164	54	16	96.645775	stone,
5	1	18	5	4	8	500	1159	29	17	96.909393	but
5	1	18	5	4	9	535	1157	38	22	96.909393	they
5	1	18	5	4	10	580	1151	43	29	77.612900	were
4	1	18	5	5	0	59	1183	565	38	-1	
5	1	18	5	5	1	59	1202	67	19	95.924370	smooth
5	1	18	5	5	2	131	1206	20	12	93.306145	as
5	1	18	5	5	3	157	1198	110	19	86.450317	skin-furless
5	1	18	5	5	4	273	1195	43	19	96.032936	skin.
5	1	18	5	5	5	323	1194	56	18	96.576927	These
5	1	18	5	5	6	385	1190	49	18	94.950577	walls
5	1	18	5	5	7	440	1188	33	19	95.394806	had
5	1	18	5	5	8	478	1188	43	18	96.782196	been
5	1	18	5	5	9	526	1186	48	17	96.790604	hewn
5	1	18	5	5	10	581	1183	43	18	96.790604	from
4	1	18	5	6	0	59	1212	566	37	-1	
5	1	18	5	6	1	59	1231	27	18	96.918716	the
5	1	18	5	6	2	91	1235	47	13	90.849533	same
5	1	18	5	6	3	144	1232	48	15	96.015991	stone
5	1	18	5	6	4	198	1232	19	13	96.560753	as
5	1	18	5	6	5	222	1226	29	17	96.947891	the
5	1	18	5	6	6	255	1228	73	14	96.923637	caverns
5	1	18	5	6	7	333	1222	57	17	96.988708	where
5	1	18	5	6	8	395	1219	29	18	96.988708	the
5	1	18	5	6	9	428	1217	63	22	95.934845	village
5	1	18	5	6	10	496	1213	70	19	91.227791	nestled,
5	1	18	5	6	11	571	1212	54	17	93.946236	These
4	1	18	5	7	0	59	1239	566	38	-1	
5	1	18	5	7	1	59	1259	47	18	93.683716	walls
5	1	18	5	7	2	115	1263	46	13	95.295059	were
5	1	18	5	7	3	171	1256	49	19	92.590736	made
5	1	18	5	7	4	230	1260	21	13	92.590736	so
5	1	18	5	7	5	260	1254	41	21	96.114174	long
5	1	18	5	7	6	310	1257	35	17	96.776573	ago
5	1	18	5	7	7	353	1250	36	17	92.936035	that
5	1	18	5	7	8	398	1248	12	18	92.936035	it
5	1	18	5	7	9	419	1246	50	19	94.616119	made
5	1	18	5	7	10	478	1245	30	17	94.616119	her
5	1	18	5	7	11	515	1241	48	19	94.807205	think
5	1	18	5	7	12	571	1240	21	18	94.807205	of
5	1	18	5	7	13	598	1239	27	18	97.015373	the
4	1	18	5	8	0	58	1267	568	44	-1	
5	1	18	5	8	1	58	1288	56	23	95.961685	priest,
5	1	18	5	8	2	120	1287	28	17	96.915215	the
5	1	18	5	8	3	153	1286	62	18	96.162415	elders,
5	1	18	5	8	4	220	1283	34	19	96.558784	and
5	1	18	5	8	5	259	1286	44	14	96.628815	even
5	1	18	5	8	6	308	1280	28	18	96.940071	the
5	1	18	5	8	7	342	1277	87	22	96.997627	buildings
5	1	18	5	8	8	434	1274	22	19	96.696274	of
5	1	18	5	8	9	458	1274	28	18	96.434883	the
5	1	18	5	8	10	491	1271	62	22	96.926971	village
5	1	18	5	8	11	558	1267	48	20	10.013054	itself
5	1	18	5	8	12	608	1271	18	14	10.013054	as
4	1	18	5	9	0	58	1308	281	28	-1	
5	1	18	5	9	1	58	1316	96	20	96.400681	newborns,
5	1	18	5	9	2	163	1313	46	19	96.947479	fresh
5	1	18	5	9	3	217	1316	18	14	96.950630	to
5	1	18	5	9	4	242	1311	28	18	96.012901	the
5	1	18	5	9	5	278	1308	61	20	81.580399	world.
3	1	18	6	0	0	57	1327	575	185	-1	
4	1	18	6	1	0	151	1327	477	34	-1	
5	1	18	6	1	1	151	1344	34	17	96.948723	She
5	1	18	6	1	2	193	1341	42	19	90.812378	took
5	1	18	6	1	3	243	1346	10	12	96.603729	a
5	1	18	6	1	4	261	1339	35	18	96.009666	few
5	1	18	6	1	5	304	1340	47	20	96.714081	steps
5	1	18	6	1	6	359	1339	18	14	93.083084	to
5	1	18	6	1	7	384	1334	29	18	93.083084	the
5	1	18	6	1	8	421	1331	37	22	96.439072	left,
5	1	18	6	1	9	466	1328	65	20	96.196701	backed
5	1	18	6	1	10	539	1332	22	18	94.640907	up
5	1	18	6	1	11	568	1331	11	13	94.640907	a
5	1	18	6	1	12	586	1327	42	19	96.010681	step,
4	1	18	6	2	0	57	1351	573	42	-1	
5	1	18	6	2	1	57	1373	66	19	96.462105	danced
5	1	18	6	2	2	130	1376	18	15	94.174889	to
5	1	18	6	2	3	154	1372	28	17	94.174889	the
5	1	18	6	2	4	189	1370	50	23	95.534798	right,
5	1	18	6	2	5	246	1369	40	18	96.921844	then
5	1	18	6	2	6	293	1364	71	26	94.465988	paused.
5	1	18	6	2	7	371	1363	35	19	94.465988	She
5	1	18	6	2	8	412	1358	72	22	96.337418	resisted
5	1	18	6	2	9	490	1347	26	38	97.004669	the
5	1	18	6	2	10	525	1347	35	38	96.915161	urge
5	1	18	6	2	11	569	1347	17	38	96.963028	to
5	1	18	6	2	12	593	1351	37	21	96.698135	bolt
4	1	18	6	3	0	59	1380	571	41	-1	
5	1	18	6	3	1	59	1402	27	19	96.558784	for
5	1	18	6	3	2	92	1402	28	18	96.964073	the
5	1	18	6	3	3	127	1401	49	18	96.003494	other
5	1	18	6	3	4	183	1399	43	19	95.069595	side.
5	1	18	6	3	5	234	1398	43	18	96.114899	That
5	1	18	6	3	6	284	1394	60	20	96.960464	would
5	1	18	6	3	7	350	1393	22	19	97.015366	be
5	1	18	6	3	8	380	1390	70	21	95.506760	lunatic.
5	1	18	6	3	9	457	1386	54	20	54.037964	She'd
5	1	18	6	3	10	518	1385	21	19	96.794754	be
5	1	18	6	3	11	547	1387	45	16	96.794754	seen,
5	1	18	6	3	12	600	1380	30	19	96.740005	she
4	1	18	6	4	0	58	1412	572	39	-1	
5	1	18	6	4	1	58	1431	53	20	95.800957	knew,
5	1	18	6	4	2	118	1430	16	19	96.421509	if
5	1	18	6	4	3	136	1430	31	18	96.171707	she
5	1	18	6	4	4	172	1428	43	19	96.171707	tried
5	1	18	6	4	5	221	1427	17	19	96.462677	it.
5	1	18	6	4	6	244	1426	34	21	96.885475	No,
5	1	18	6	4	7	284	1425	30	18	94.366325	her
5	1	18	6	4	8	318	1426	63	20	94.366325	escape
5	1	18	6	4	9	386	1422	47	17	96.810799	must
5	1	18	6	4	10	437	1418	22	18	83.945541	be
5	1	18	6	4	11	463	1422	11	13	83.945541	a
5	1	18	6	4	12	479	1412	109	22	96.029442	meandering
5	1	18	6	4	13	592	1414	38	14	96.029442	one.
4	1	18	6	5	0	58	1433	574	50	-1	
5	1	18	6	5	1	58	1460	64	23	96.857185	Trying
5	1	18	6	5	2	127	1463	18	14	96.558624	to
5	1	18	6	5	3	149	1458	53	19	94.848450	blend
5	1	18	6	5	4	208	1457	36	18	94.848450	into
5	1	18	6	5	5	249	1456	29	18	96.914230	the
5	1	18	6	5	6	283	1451	107	21	96.645470	woodwork,
5	1	18	6	5	7	395	1448	75	23	94.132629	keeping
5	1	18	6	5	8	475	1446	30	18	96.894173	her
5	1	18	6	5	9	509	1442	55	25	96.554703	grimy
5	1	18	6	5	10	566	1433	66	34	96.643242	mantle
4	1	18	6	6	0	59	1468	573	44	-1	
5	1	18	6	6	1	59	1489	42	23	96.502708	tight
5	1	18	6	6	2	108	1488	67	19	95.553780	around
5	1	18	6	6	3	183	1487	30	18	97.015854	her
5	1	18	6	6	4	221	1485	51	23	96.914085	body,
5	1	18	6	6	5	280	1482	66	25	96.914047	pinned
5	1	18	6	6	6	354	1479	42	19	96.563133	with
5	1	18	6	6	7	404	1477	42	19	96.770195	both
5	1	18	6	6	8	454	1473	55	21	96.920143	hands
5	1	18	6	6	9	517	1475	17	16	96.863998	to
5	1	18	6	6	10	542	1471	30	18	96.863998	her
5	1	18	6	6	11	579	1468	53	19	96.864403	chest,
2	1	19	0	0	0	636	952	524	331	-1	
3	1	19	1	0	0	636	952	521	331	-1	
4	1	19	1	1	0	636	952	511	30	-1	
5	1	19	1	1	1	636	963	84	18	96.697731	Unnamed
5	1	19	1	1	2	728	964	32	15	96.792953	sins
5	1	19	1	1	3	765	962	43	20	96.277962	from
5	1	19	1	1	4	817	967	10	11	96.277962	a
5	1	19	1	1	5	836	961	77	16	96.657532	thousand
5	1	19	1	1	6	920	960	99	21	96.915718	generations
5	1	19	1	1	7	1027	963	32	15	96.942337	ago
5	1	19	1	1	8	1067	962	41	11	84.742287	were
5	1	19	1	1	9	1112	952	35	28	94.773720	the
4	1	19	1	2	0	636	982	509	25	-1	
5	1	19	1	2	1	636	990	52	17	96.401039	words
5	1	19	1	2	2	696	990	27	16	96.949661	her
5	1	19	1	2	3	730	989	49	17	96.969078	father
5	1	19	1	2	4	785	988	30	16	96.991348	had
5	1	19	1	2	5	822	992	39	12	96.872063	once
5	1	19	1	2	6	867	986	53	17	96.197090	hissed
5	1	19	1	2	7	926	985	16	17	96.973328	in
5	1	19	1	2	8	948	985	27	16	96.969345	her
5	1	19	1	2	9	981	989	25	11	96.349503	ear
5	1	19	1	2	10	1012	983	46	17	96.924675	while
5	1	19	1	2	11	1065	983	26	16	95.919495	the
5	1	19	1	2	12	1097	982	48	21	95.919495	priest
4	1	19	1	3	0	636	1009	510	25	-1	
5	1	19	1	3	1	636	1016	104	18	96.252342	admonished
5	1	19	1	3	2	745	1015	23	17	96.942314	his
5	1	19	1	3	3	773	1014	43	17	95.173065	flock
5	1	19	1	3	4	819	1016	67	15	96.838020	never
5	1	19	1	3	5	868	1005	15	33	96.838020	to
5	1	19	1	3	6	890	1012	48	20	96.545578	forget
5	1	19	1	3	7	945	1005	39	33	93.137054	their
5	1	19	1	3	8	992	1005	91	33	92.506363	God-fearing
5	1	19	1	3	9	1088	1010	58	14	96.081589	nature.
4	1	19	1	4	0	724	1033	423	27	-1	
5	1	19	1	4	1	724	1043	30	16	96.897682	But
5	1	19	1	4	2	760	1046	45	14	93.294655	once,
5	1	19	1	4	3	812	1040	53	20	87.322296	they’d
5	1	19	1	4	4	871	1038	60	17	96.760803	walked
5	1	19	1	4	5	937	1042	21	12	96.998283	on
5	1	19	1	4	6	964	1037	25	16	97.002525	the
5	1	19	1	4	7	996	1033	115	23	96.637489	Aboveground
5	1	19	1	4	8	1117	1033	30	16	96.637489	and
4	1	19	1	5	0	638	1058	511	30	-1	
5	1	19	1	5	1	638	1070	62	18	96.219391	danced
5	1	19	1	5	2	705	1069	16	17	96.878403	in
5	1	19	1	5	3	725	1067	98	19	94.669182	celebration.
5	1	19	1	5	4	827	1066	31	18	96.987335	She
5	1	19	1	5	5	862	1065	50	17	91.216393	didn’t
5	1	19	1	5	6	916	1064	46	16	96.663834	know
5	1	19	1	5	7	966	1063	35	17	96.663834	how
5	1	19	1	5	8	1006	1061	45	17	96.623993	much
5	1	19	1	5	9	1054	1060	21	17	89.420258	of
5	1	19	1	5	10	1076	1060	26	16	93.883545	the
5	1	19	1	5	11	1105	1058	44	17	96.907349	Faith
4	1	19	1	6	0	639	1084	511	31	-1	
5	1	19	1	6	1	639	1102	18	13	96.245010	to
5	1	19	1	6	2	664	1097	69	18	96.245010	believe,
5	1	19	1	6	3	740	1096	28	16	96.675064	but
5	1	19	1	6	4	775	1099	41	12	96.869095	even
5	1	19	1	6	5	824	1093	27	17	96.752113	her
5	1	19	1	6	6	858	1092	49	17	94.525406	father
5	1	19	1	6	7	914	1089	73	21	94.260872	accepted
5	1	19	1	6	8	995	1088	43	16	96.832130	those
5	1	19	1	6	9	1045	1086	44	17	90.280083	basic
5	1	19	1	6	10	1097	1084	53	18	94.931946	truths.
4	1	19	1	7	0	641	1109	514	34	-1	
5	1	19	1	7	1	641	1126	52	17	96.239296	When
5	1	19	1	7	2	698	1124	29	17	96.811859	she
5	1	19	1	7	3	731	1127	34	12	96.631104	was
5	1	19	1	7	4	769	1127	11	11	93.955856	a
5	1	19	1	7	5	784	1120	47	19	93.955856	child,
5	1	19	1	7	6	836	1119	28	17	96.967796	her
5	1	19	1	7	7	870	1112	48	35	96.124855	father
5	1	19	1	7	8	928	1112	42	35	96.124855	made
5	1	19	1	7	9	971	1114	67	18	96.589363	bedtime
5	1	19	1	7	10	1042	1112	56	18	95.105988	stories
5	1	19	1	7	11	1102	1113	28	15	88.090279	out
5	1	19	1	7	12	1134	1109	21	18	96.818634	of
4	1	19	1	8	0	642	1132	516	48	-1	
5	1	19	1	8	1	642	1147	40	33	94.669685	what
5	1	19	1	8	2	690	1147	20	33	94.669685	he
5	1	19	1	8	3	711	1132	63	40	92.610306	claimed
5	1	19	1	8	4	783	1132	35	40	94.529488	were
5	1	19	1	8	5	823	1132	31	40	94.529488	real
5	1	19	1	8	6	863	1132	88	40	96.293236	occurrences
5	1	19	1	8	7	960	1132	34	40	95.642433	from
5	1	19	1	8	8	1000	1132	27	40	91.447762	his
5	1	19	1	8	9	1033	1132	28	40	91.447762	own
5	1	19	1	8	10	1067	1132	91	40	94.218018	childhood.
4	1	19	1	9	0	643	1159	517	39	-1	
5	1	19	1	9	1	643	1180	60	18	96.709625	Stories
5	1	19	1	9	2	711	1166	42	36	96.600067	about
5	1	19	1	9	3	758	1170	162	26	94.538536	villagers
5	1	19	1	9	4	840	1166	27	36	95.706917	who
5	1	19	1	9	5	876	1166	48	36	96.872276	could
5	1	19	1	9	6	920	1159	39	33	96.121651	skirt
5	1	19	1	9	7	966	1159	23	33	96.617073	the
5	1	19	1	9	8	997	1159	31	33	96.683228	eyes
5	1	19	1	9	9	1035	1165	17	18	97.002335	of
5	1	19	1	9	10	1060	1159	36	33	96.570107	God.
5	1	19	1	9	11	1104	1159	56	33	96.172318	Others
4	1	19	1	10	0	643	1189	514	38	-1	
5	1	19	1	10	1	643	1208	43	19	93.984863	who,
5	1	19	1	10	2	692	1206	32	18	96.991119	like
5	1	19	1	10	3	729	1205	39	19	96.097771	him,
5	1	19	1	10	4	776	1198	28	33	95.212746	had
5	1	19	1	10	5	812	1198	45	33	95.212746	some
5	1	19	1	10	6	857	1198	18	18	82.988655	of
5	1	19	1	10	7	879	1198	26	18	89.228142	the
5	1	19	1	10	8	910	1195	56	24	95.551849	goat
5	1	19	1	10	9	949	1190	17	33	95.551849	in
5	1	19	1	10	10	971	1194	46	18	85.004257	them,
5	1	19	1	10	11	1022	1185	28	31	96.502426	She
5	1	19	1	10	12	1059	1185	37	31	96.934013	knew
5	1	19	1	10	13	1105	1185	15	31	95.852081	it
5	1	19	1	10	14	1124	1189	33	17	96.620667	was
4	1	19	1	11	0	643	1222	394	35	-1	
5	1	19	1	11	1	643	1242	22	12	95.526085	an
5	1	19	1	11	2	675	1234	72	23	70.876617	impiety.
5	1	19	1	11	3	757	1232	47	17	96.644157	More
5	1	19	1	11	4	813	1229	37	17	96.154755	than
5	1	19	1	11	5	858	1232	21	12	93.444237	an
5	1	19	1	11	6	888	1224	70	22	41.445305	impiety,
5	1	19	1	11	7	966	1222	12	17	95.750259	it
5	1	19	1	11	8	986	1225	33	13	92.709290	was
5	1	19	1	11	9	1027	1224	10	12	83.090424	a
4	1	19	1	12	0	644	1244	355	39	-1	
5	1	19	1	12	1	644	1261	111	22	86.147568	affront—but
5	1	19	1	12	2	761	1259	12	18	92.880013	it
5	1	19	1	12	3	777	1254	78	24	87.275467	assuaged
5	1	19	1	12	4	860	1257	44	15	96.896156	some
5	1	19	1	12	5	909	1251	20	18	96.952919	of
5	1	19	1	12	6	932	1250	25	17	96.524445	the
5	1	19	1	12	7	959	1244	40	35	88.630112	fear.
2	1	20	0	0	0	643	1264	572	207	-1	
3	1	20	1	0	0	733	1264	433	43	-1	
4	1	20	1	1	0	733	1264	433	43	-1	
5	1	20	1	1	1	733	1287	33	19	96.946938	She
5	1	20	1	1	2	771	1264	94	43	91.493813	continued
5	1	20	1	1	3	871	1264	29	43	95.782623	her
5	1	20	1	1	4	910	1264	55	43	96.865616	dance,
5	1	20	1	1	5	978	1264	34	43	96.805595	now
5	1	20	1	1	6	1021	1264	41	43	96.800987	more
5	1	20	1	1	7	1072	1264	36	43	96.956055	than
5	1	20	1	1	8	1118	1264	48	43	82.295151	three
3	1	20	2	0	0	647	1291	568	176	-1	
4	1	20	2	1	0	724	1291	440	48	-1	
5	1	20	2	1	1	724	1316	20	19	36.206833	of
5	1	20	2	1	2	748	1291	24	48	36.206833	the
5	1	20	2	1	3	784	1291	28	48	96.934692	way
5	1	20	2	1	4	824	1291	48	48	83.367691	across
5	1	20	2	1	5	880	1291	24	48	83.367691	the
5	1	20	2	1	6	916	1291	28	48	96.968079	vast
5	1	20	2	1	7	952	1291	28	48	96.853035	and
5	1	20	2	1	8	988	1291	48	48	92.827667	empty
5	1	20	2	1	9	1044	1291	68	48	79.457108	narthex.
5	1	20	2	1	10	1124	1291	40	48	94.323738	Here,
4	1	20	2	2	0	643	1312	565	75	-1	
5	1	20	2	2	1	643	1316	30	71	26.613464	ie
5	1	20	2	2	2	684	1347	36	19	43.167095	er
5	1	20	2	2	3	731	1316	60	71	43.167095	bcane
5	1	20	2	2	4	808	1316	54	71	51.649208	even.
5	1	20	2	2	5	873	1336	7	17	62.516075	A
5	1	20	2	2	6	903	1316	60	71	24.974594	06
5	1	20	2	2	7	1021	1324	48	51	10.569061	a
5	1	20	2	2	8	1188	1312	20	38	22.698586	2
4	1	20	2	3	0	704	1353	505	39	-1	
5	1	20	2	3	1	704	1374	6	18	60.539482	Ited
5	1	20	2	3	2	742	1374	15	16	96.966156	at
5	1	20	2	3	3	763	1368	43	22	94.903229	subtly
5	1	20	2	3	4	821	1365	76	20	93.153915	incorrect
5	1	20	2	3	5	956	1371	4	4	0.000000	.
5	1	20	2	3	6	1113	1353	34	25	87.500771	onher
5	1	20	2	3	7	1194	1355	15	14	55.235092	9
4	1	20	2	4	0	644	1369	569	62	-1	
5	1	20	2	4	1	644	1369	43	62	11.029350	Ae
5	1	20	2	4	2	711	1369	114	62	5.641953	cingeachoe
5	1	20	2	4	3	840	1369	66	62	11.509537	gui
5	1	20	2	4	4	933	1370	58	46	90.339088	middle
5	1	20	2	4	5	998	1370	62	46	55.156509	ofatile,
5	1	20	2	4	6	1067	1370	27	46	96.346519	and
5	1	20	2	4	7	1097	1370	78	46	89.804497	avoiding
5	1	20	2	4	8	1190	1369	23	41	95.032433	=
4	1	20	2	5	0	646	1396	530	63	-1	
5	1	20	2	5	1	646	1423	30	36	97.005898	the
5	1	20	2	5	2	685	1423	54	36	96.786774	broken
5	1	20	2	5	3	748	1423	45	36	93.905006	tiles.
5	1	20	2	5	4	796	1396	34	50	66.204147	Her
5	1	20	2	5	5	837	1396	83	50	66.204147	makeshift
5	1	20	2	5	6	929	1396	113	50	92.648743	body-covering
5	1	20	2	5	7	1054	1396	55	50	91.142639	tugged
5	1	20	2	5	8	1116	1407	5	13	93.344284	a
5	1	20	2	5	9	1131	1396	45	50	63.984280	litle
4	1	20	2	6	0	843	1423	372	48	-1	
5	1	20	2	6	1	843	1423	24	48	51.306934	he
5	1	20	2	6	2	879	1423	36	48	87.415985	took
5	1	20	2	6	3	925	1448	6	13	91.218506	a
5	1	20	2	6	4	943	1423	40	48	80.182045	large
5	1	20	2	6	5	995	1423	44	48	90.933380	stride
5	1	20	2	6	6	1051	1423	48	48	96.450806	across
5	1	20	2	6	7	1111	1423	64	48	94.941536	several
5	1	20	2	6	8	1199	1431	16	13	29.670532	2
2	1	21	0	0	0	651	1444	571	69	-1	
3	1	21	1	0	0	651	1444	571	69	-1	
4	1	21	1	1	0	651	1444	571	38	-1	
5	1	21	1	1	1	651	1468	23	14	85.469406	on
5	1	21	1	1	2	683	1461	29	19	95.649368	her
5	1	21	1	1	3	721	1455	80	22	84.831169	shoulder.
5	1	21	1	1	4	811	1452	23	18	95.721718	As
5	1	21	1	1	5	843	1448	26	38	92.677689	she
5	1	21	1	1	6	878	1474	4	3	0.000000	¢
5	1	21	1	1	7	1036	1461	4	4	0.000000	:
5	1	21	1	1	8	1200	1444	22	15	82.176338	2
4	1	21	1	2	0	653	1455	565	58	-1	
5	1	21	1	2	1	653	1485	102	28	96.748253	fragmented
5	1	21	1	2	2	760	1483	42	19	96.741096	tiles,
5	1	21	1	2	3	807	1480	28	19	95.834976	she
5	1	21	1	2	4	840	1480	33	15	96.465553	was
5	1	21	1	2	5	876	1470	55	27	80.961929	jerked
5	1	21	1	2	6	935	1466	45	21	94.294167	back,
5	1	21	1	2	7	984	1463	31	20	96.830414	and
5	1	21	1	2	8	1019	1459	73	21	95.349297	missed
5	1	21	1	2	9	1084	1455	6	36	95.430283	a
5	1	21	1	2	10	1096	1460	41	18	79.939331	step.
5	1	21	1	2	11	1142	1455	33	17	25.328209	Her
