“Kid's different ever since he’s been back. He just here and doesn't say shit,” Deeder whispered. He shook eyes along reflective gaze at his son. “When he does, is ns Sees hohd today, Deeds,” Wallace said.

“Screw it. It’s in the past and better left that way. 5	1	4	1	1	2	262	266	55	17	95.802536	should
5	1	4	1	1	3	324	268	32	12	96.989151	stay
5	1	4	1	1	4	363	262	54	17	78.458984	dead.”
4	1	4	1	2	0	159	265	408	48	-1	
5	1	4	1	2	1	159	274	52	14	39.301792	bi
5	1	4	1	2	2	218	269	88	40	18.783150	ele
5	1	4	1	2	3	309	265	90	48	0.000000	sonnethlig
5	1	4	1	2	4	406	292	30	15	96.014267	you
5	1	4	1	2	5	443	286	56	16	96.821106	should
5	1	4	1	2	6	506	284	61	17	93.930557	know.”
3	1	4	2	0	0	156	307	512	83	-1	
4	1	4	2	1	0	235	307	433	29	-1	
5	1	4	2	1	1	235	318	47	16	90.765411	“Nah.
5	1	4	2	1	2	288	317	24	15	96.974548	No
5	1	4	2	1	3	317	319	45	12	96.821960	sense
5	1	4	2	1	4	367	313	80	19	96.971870	revisiting
5	1	4	2	1	5	452	312	31	16	96.900673	that
5	1	4	2	1	6	488	315	40	12	95.402428	now.
5	1	4	2	1	7	534	311	50	15	95.747963	Come
5	1	4	2	1	8	590	314	20	11	96.929642	on
5	1	4	2	1	9	617	309	15	15	95.242104	in
5	1	4	2	1	10	637	307	31	29	96.614281	and
4	1	4	2	2	0	157	333	510	31	-1	
5	1	4	2	2	1	157	349	35	15	96.711205	have
5	1	4	2	2	2	197	351	8	11	80.089722	a
5	1	4	2	2	3	211	348	35	13	80.089722	seat,
5	1	4	2	2	4	253	342	43	16	92.038414	We'll
5	1	4	2	2	5	303	344	24	17	93.877640	get
5	1	4	2	2	6	332	346	18	10	93.877640	us
5	1	4	2	2	7	356	345	8	10	91.496460	a
5	1	4	2	2	8	369	339	56	19	91.496460	couple
5	1	4	2	2	9	430	338	18	16	85.840805	of
5	1	4	2	2	10	453	337	65	20	96.513893	glasses.
5	1	4	2	2	11	525	336	46	16	41.191864	We'll
5	1	4	2	2	12	577	335	45	16	96.824615	drink
5	1	4	2	2	13	628	333	39	17	96.821724	until
4	1	4	2	3	0	156	362	398	28	-1	
5	1	4	2	3	1	156	378	21	10	96.735558	we
5	1	4	2	3	2	184	372	46	18	96.847382	forget
5	1	4	2	3	3	236	370	45	15	93.514809	about
5	1	4	2	3	4	288	368	15	15	87.635994	it,
5	1	4	2	3	5	311	367	32	15	96.954399	You
5	1	4	2	3	6	350	365	45	19	96.483521	ready
5	1	4	2	3	7	403	370	14	10	96.483521	in
5	1	4	2	3	8	424	364	47	16	96.904579	there,
5	1	4	2	3	9	479	362	75	20	95.457085	Bobby?”
3	1	4	3	0	0	234	389	216	21	-1	
4	1	4	3	1	0	234	389	216	21	-1	
5	1	4	3	1	1	234	392	111	17	82.702156	“Shuakhwe,”
5	1	4	3	1	2	351	390	55	20	93.673851	Bobby
5	1	4	3	1	3	413	389	37	16	91.698372	said.
3	1	4	4	0	0	234	414	292	22	-1	
4	1	4	4	1	0	234	414	292	22	-1	
5	1	4	4	1	1	234	419	53	15	96.397255	“What
5	1	4	4	1	2	293	418	26	15	96.681427	did
5	1	4	4	1	3	325	418	18	15	96.681427	he
5	1	4	4	1	4	349	416	46	20	96.239891	say?”
5	1	4	4	1	5	401	415	67	16	95.911301	Wallace
5	1	4	4	1	6	474	414	52	16	93.227211	asked.
3	1	4	5	0	0	154	438	514	80	-1	
4	1	4	5	1	0	234	438	434	25	-1	
5	1	4	5	1	1	234	444	62	17	92.955406	Deeder
5	1	4	5	1	2	305	443	66	20	96.148758	slapped
5	1	4	5	1	3	381	447	8	11	92.807228	a
5	1	4	5	1	4	400	445	33	16	92.807228	tray
5	1	4	5	1	5	443	441	20	15	96.785248	of
5	1	4	5	1	6	472	441	24	15	96.895203	ice
5	1	4	5	1	7	506	440	50	16	96.814728	cubes
5	1	4	5	1	8	566	439	65	21	96.658241	against
5	1	4	5	1	9	641	438	27	15	96.913788	the
4	1	4	5	2	0	154	463	514	28	-1	
5	1	4	5	2	1	154	475	86	16	96.300041	countertop
5	1	4	5	2	2	246	470	30	16	96.300041	and
5	1	4	5	2	3	282	469	47	16	96.926575	cubes
5	1	4	5	2	4	337	468	63	20	95.252213	flopped
5	1	4	5	2	5	406	470	26	13	96.132866	out
5	1	4	5	2	6	439	466	30	17	96.965172	and
5	1	4	5	2	7	476	466	30	16	96.916168	slid
5	1	4	5	2	8	513	470	53	12	95.699127	across
5	1	4	5	2	9	574	468	15	13	88.680367	it,
5	1	4	5	2	10	598	465	23	15	96.204987	He
5	1	4	5	2	11	628	463	40	16	96.948853	tried
4	1	4	5	3	0	155	491	512	27	-1	
5	1	4	5	3	1	155	502	14	11	96.659401	to
5	1	4	5	3	2	173	497	35	21	96.156471	grab
5	1	4	5	3	3	213	501	9	11	95.697243	a
5	1	4	5	3	4	227	495	62	16	92.366531	handful
5	1	4	5	3	5	295	495	26	15	96.942268	but
5	1	4	5	3	6	327	498	43	12	96.580368	some
5	1	4	5	3	7	375	496	49	13	95.748184	errant
5	1	4	5	3	8	429	493	48	15	92.901558	cubes
5	1	4	5	3	9	483	491	61	21	95.205421	slipped
5	1	4	5	3	10	550	491	59	16	96.526085	further
5	1	4	5	3	11	613	494	54	12	96.526085	across
2	1	5	0	0	0	154	524	513	41	-1	
3	1	5	1	0	0	154	524	513	41	-1	
4	1	5	1	1	0	154	524	88	14	-1	
5	1	5	1	1	1	154	524	23	14	96.578011	the
5	1	5	1	1	2	183	524	59	14	91.431732	counter
4	1	5	1	2	0	233	542	434	23	-1	
5	1	5	1	2	1	233	547	37	15	21.373688	“I'm
5	1	5	1	2	2	276	546	52	19	94.597862	telling
5	1	5	1	2	3	333	550	34	14	94.597862	you,
5	1	5	1	2	4	373	544	52	20	96.241119	Wally,
5	1	5	1	2	5	430	544	100	20	64.076828	something's
5	1	5	1	2	6	536	548	53	15	96.656471	wrong
5	1	5	1	2	7	594	542	37	16	93.998123	with
5	1	5	1	2	8	636	542	31	15	93.998123	that
2	1	6	0	0	0	144	571	524	684	-1	
3	1	6	1	0	0	154	571	144	19	-1	
4	1	6	1	1	0	154	571	144	19	-1	
5	1	6	1	1	1	154	573	38	17	93.183113	kid,”
5	1	6	1	1	2	198	572	58	16	93.164314	Deeder
5	1	6	1	1	3	261	571	37	16	79.697205	said.
3	1	6	2	0	0	153	593	514	74	-1	
4	1	6	2	1	0	233	593	434	22	-1	
5	1	6	2	1	1	233	597	47	15	96.916916	There
5	1	6	2	1	2	289	601	32	11	96.925957	was
5	1	6	2	1	3	330	596	36	16	96.809624	mud
5	1	6	2	1	4	375	595	61	16	96.886810	crusted
5	1	6	2	1	5	444	600	21	10	92.976433	on
5	1	6	2	1	6	475	595	69	20	91.530258	Bobby’s
5	1	6	2	1	7	553	594	74	16	96.663727	sneakers
5	1	6	2	1	8	636	593	31	16	96.683403	and
4	1	6	2	2	0	153	619	514	24	-1	
5	1	6	2	2	1	153	628	19	15	96.964241	up
5	1	6	2	2	2	177	624	23	15	96.666084	his
5	1	6	2	2	3	206	623	41	15	93.168587	shins
5	1	6	2	2	4	252	627	20	11	96.953201	on
5	1	6	2	2	5	279	623	23	14	96.953201	his
5	1	6	2	2	6	308	625	36	17	95.676003	pant
5	1	6	2	2	7	349	622	38	19	93.108955	legs.
5	1	6	2	2	8	393	622	49	15	93.108955	There
5	1	6	2	2	9	448	626	32	10	95.293121	was
5	1	6	2	2	10	486	621	45	15	95.293121	black
5	1	6	2	2	11	537	620	61	16	96.750999	residue
5	1	6	2	2	12	604	619	63	17	95.599854	crusted
4	1	6	2	3	0	153	647	333	20	-1	
5	1	6	2	3	1	153	649	45	15	96.274376	under
5	1	6	2	3	2	204	649	22	14	96.274376	his
5	1	6	2	3	3	233	653	36	14	88.983429	eyes
5	1	6	2	3	4	275	648	30	15	95.636543	that
5	1	6	2	3	5	312	647	57	16	95.253059	looked
5	1	6	2	3	6	375	647	30	15	96.689445	like
5	1	6	2	3	7	412	651	74	11	89.423813	mascara.
3	1	6	3	0	0	151	671	516	98	-1	
4	1	6	3	1	0	234	671	432	22	-1	
5	1	6	3	1	1	234	673	65	15	92.667732	Deeder
5	1	6	3	1	2	309	672	71	21	93.278137	grunted
5	1	6	3	1	3	391	677	18	11	96.941574	as
5	1	6	3	1	4	421	672	26	16	96.966866	his
5	1	6	3	1	5	459	676	24	12	96.420662	sat
5	1	6	3	1	6	494	677	22	11	96.383492	on
5	1	6	3	1	7	528	672	27	16	96.921295	the
5	1	6	3	1	8	567	671	61	16	96.313675	couch.
5	1	6	3	1	9	642	671	24	15	96.313675	He
4	1	6	3	2	0	152	696	515	22	-1	
5	1	6	3	2	1	152	699	91	15	93.241409	unsheathed
5	1	6	3	2	2	250	698	24	16	96.493675	the
5	1	6	3	2	3	279	698	57	16	96.493675	Crown
5	1	6	3	2	4	343	697	39	16	94.116692	from
5	1	6	3	2	5	389	698	18	15	94.116692	its
5	1	6	3	2	6	413	698	70	20	96.177406	majestic
5	1	6	3	2	7	489	697	54	21	96.994522	purple
5	1	6	3	2	8	548	697	31	21	96.423798	bag
5	1	6	3	2	9	584	697	31	16	94.298286	and
5	1	6	3	2	10	622	696	45	17	96.961372	filled
4	1	6	3	3	0	151	722	515	22	-1	
5	1	6	3	3	1	151	724	24	15	96.796066	the
5	1	6	3	3	2	183	728	31	11	96.987488	two
5	1	6	3	3	3	221	724	64	20	95.834053	glasses.
5	1	6	3	3	4	294	724	55	19	96.520882	Bobby
5	1	6	3	3	5	358	723	52	16	94.685966	turned
5	1	6	3	3	6	418	723	28	16	95.883438	off
5	1	6	3	3	7	451	723	25	16	96.981712	the
5	1	6	3	3	8	485	723	38	20	96.646141	light
5	1	6	3	3	9	531	723	31	16	95.898560	and
5	1	6	3	3	10	571	722	61	17	95.898560	flashed
5	1	6	3	3	11	640	722	26	16	96.961304	the
4	1	6	3	4	0	152	749	256	20	-1	
5	1	6	3	4	1	152	749	31	16	96.683487	first
5	1	6	3	4	2	189	749	38	15	96.683487	slide
5	1	6	3	4	3	232	749	24	15	90.959671	via
5	1	6	3	4	4	266	754	4	10	90.959671	a
5	1	6	3	4	5	276	752	57	12	96.631912	remote
5	1	6	3	4	6	338	749	70	20	96.711548	changer.
3	1	6	4	0	0	150	774	517	121	-1	
4	1	6	4	1	0	232	774	434	20	-1	
5	1	6	4	1	1	232	774	33	16	96.840637	The
5	1	6	4	1	2	276	774	63	20	96.702103	picture
5	1	6	4	1	3	349	779	34	11	96.959106	was
5	1	6	4	1	4	393	774	21	16	96.806633	of
5	1	6	4	1	5	421	779	20	11	96.477943	an
5	1	6	4	1	6	452	774	69	16	96.448624	African
5	1	6	4	1	7	531	779	66	11	96.636078	woman
5	1	6	4	1	8	608	774	58	16	96.736755	whose
4	1	6	4	2	0	150	799	517	20	-1	
5	1	6	4	2	1	150	800	68	15	67.940643	earlobes
5	1	6	4	2	2	225	800	29	15	96.490440	had
5	1	6	4	2	3	261	800	39	15	96.807953	been
5	1	6	4	2	4	306	800	77	15	96.803757	stretched
5	1	6	4	2	5	389	800	20	15	92.919609	all
5	1	6	4	2	6	416	800	25	15	96.653923	the
5	1	6	4	2	7	448	805	34	14	96.850525	way
5	1	6	4	2	8	488	800	48	15	93.944466	down
5	1	6	4	2	9	542	800	25	16	96.948753	the
5	1	6	4	2	10	574	800	34	15	96.828644	side
5	1	6	4	2	11	614	799	21	16	96.745102	of
5	1	6	4	2	12	639	800	28	15	96.969246	her
4	1	6	4	3	0	151	825	515	21	-1	
5	1	6	4	3	1	151	825	32	16	96.962967	face
5	1	6	4	3	2	189	829	16	11	96.002808	to
5	1	6	4	3	3	210	825	26	16	96.366249	her
5	1	6	4	3	4	241	825	35	16	96.366249	chin
5	1	6	4	3	5	282	825	36	16	96.592583	line.
5	1	6	4	3	6	324	825	31	16	96.258316	She
5	1	6	4	3	7	360	830	42	11	95.789574	wore
5	1	6	4	3	8	407	831	9	10	96.684349	a
5	1	6	4	3	9	422	825	38	20	93.264343	light
5	1	6	4	3	10	465	831	50	14	93.098549	gauzy
5	1	6	4	3	11	521	826	86	20	96.696548	wrapping,
5	1	6	4	3	12	614	825	52	17	96.696548	which
4	1	6	4	4	0	150	851	515	20	-1	
5	1	6	4	4	1	150	855	31	15	96.960350	you
5	1	6	4	4	2	189	851	46	15	96.502213	could
5	1	6	4	4	3	245	856	26	10	95.564491	see
5	1	6	4	4	4	280	851	25	15	96.835609	the
5	1	6	4	4	5	314	851	49	16	96.573532	entire
5	1	6	4	4	6	373	851	47	20	96.898392	shape
5	1	6	4	4	7	430	851	20	16	96.509857	of
5	1	6	4	4	8	456	851	29	16	96.548309	her
5	1	6	4	4	9	493	851	60	16	96.635216	breasts
5	1	6	4	4	10	562	851	30	16	96.966743	and
5	1	6	4	4	11	602	851	63	20	96.812790	nipples
4	1	6	4	5	0	150	876	68	19	-1	
5	1	6	4	5	1	150	876	68	19	96.536957	through.
3	1	6	5	0	0	148	901	520	148	-1	
4	1	6	5	1	0	231	901	434	18	-1	
5	1	6	5	1	1	231	901	32	16	96.953865	The
5	1	6	5	1	2	272	902	58	16	96.797028	second
5	1	6	5	1	3	339	902	39	16	96.797028	slide
5	1	6	5	1	4	387	902	68	16	96.917618	featured
5	1	6	5	1	5	464	902	25	16	96.862343	the
5	1	6	5	1	6	498	907	43	11	96.862343	same
5	1	6	5	1	7	549	907	68	12	88.524498	woman,
5	1	6	5	1	8	627	903	38	16	96.286827	This
4	1	6	5	2	0	149	926	515	21	-1	
5	1	6	5	2	1	149	926	36	16	96.982986	time
5	1	6	5	2	2	192	926	27	16	96.720398	she
5	1	6	5	2	3	227	927	78	16	96.600906	hunkered
5	1	6	5	2	4	312	928	47	15	96.986488	down
5	1	6	5	2	5	366	928	21	19	96.941826	by
5	1	6	5	2	6	393	933	10	10	96.811043	a
5	1	6	5	2	7	410	928	52	16	96.862114	bunch
5	1	6	5	2	8	469	928	20	16	96.942581	of
5	1	6	5	2	9	494	929	87	16	96.611679	emaciated
5	1	6	5	2	10	588	929	76	16	94.104134	children.
4	1	6	5	3	0	149	952	515	24	-1	
5	1	6	5	3	1	149	952	31	16	96.942444	She
5	1	6	5	3	2	190	952	62	18	96.802231	smiled,
5	1	6	5	3	3	263	952	71	20	95.484451	flashing
5	1	6	5	3	4	344	953	44	20	95.211365	large
5	1	6	5	3	5	398	958	42	11	96.988617	rows
5	1	6	5	3	6	449	954	21	15	96.999466	of
5	1	6	5	3	7	476	954	60	20	96.670250	chalky
5	1	6	5	3	8	546	954	48	17	96.523552	teeth.
5	1	6	5	3	9	607	955	57	21	96.865479	Bobby
4	1	6	5	4	0	149	977	516	22	-1	
5	1	6	5	4	1	149	977	84	20	96.942001	proceeded
5	1	6	5	4	2	243	978	65	20	96.816422	through
5	1	6	5	4	3	316	981	58	18	96.905914	twenty
5	1	6	5	4	4	382	979	48	16	96.976089	slides
5	1	6	5	4	5	438	979	21	17	97.001213	of
5	1	6	5	4	6	465	980	30	16	96.991829	this
5	1	6	5	4	7	504	985	62	11	96.979836	woman
5	1	6	5	4	8	576	980	15	17	96.902748	in
5	1	6	5	4	9	601	981	64	17	96.857056	various
4	1	6	5	5	0	148	1003	520	25	-1	
5	1	6	5	5	1	148	1007	51	15	85.696747	Poses,
5	1	6	5	5	2	208	1003	63	21	96.357857	smiling
5	1	6	5	5	3	280	1004	27	15	96.507286	her
5	1	6	5	5	4	316	1004	27	20	96.507286	big
5	1	6	5	5	5	352	1005	50	16	93.297371	smile.
5	1	6	5	5	6	413	1005	61	16	88.495743	Deeder
5	1	6	5	5	7	482	1006	38	16	96.982727	took
5	1	6	5	5	8	529	1010	8	12	96.097023	a
5	1	6	5	5	9	547	1006	43	21	96.364853	large
5	1	6	5	5	10	599	1007	39	21	94.556587	gulp
5	1	6	5	5	11	646	1007	22	17	96.842056	of
4	1	6	5	6	0	148	1028	74	21	-1	
5	1	6	5	6	1	148	1028	74	21	87.770325	whiskey.
3	1	6	6	0	0	229	1055	434	23	-1	
4	1	6	6	1	0	229	1055	434	23	-1	
5	1	6	6	1	1	229	1055	42	16	96.538864	“You
5	1	6	6	1	2	274	1051	26	31	94.537842	got
5	1	6	6	1	3	305	1051	63	31	94.537842	pictures
5	1	6	6	1	4	372	1057	20	15	96.916611	of
5	1	6	6	1	5	393	1057	71	21	96.494530	anything
5	1	6	6	1	6	468	1058	36	19	96.681221	else,
5	1	6	6	1	7	510	1058	97	18	96.782913	Robert?”
5	1	6	6	1	8	589	1051	16	31	96.956253	he
5	1	6	6	1	9	611	1060	52	17	90.499481	asked.
3	1	6	7	0	0	146	1081	519	71	-1	
4	1	6	7	1	0	236	1081	429	22	-1	
5	1	6	7	1	1	236	1081	113	19	91.457153	“Shuakhwe,”
5	1	6	7	1	2	357	1083	57	20	95.681473	Bobby
5	1	6	7	1	3	421	1083	39	17	94.657661	said.
5	1	6	7	1	4	470	1084	24	16	95.749062	He
5	1	6	7	1	5	503	1084	62	18	95.749062	clicked
5	1	6	7	1	6	574	1088	16	14	96.913292	to
5	1	6	7	1	7	599	1086	66	17	96.924812	another
4	1	6	7	2	0	147	1104	518	29	-1	
5	1	6	7	2	1	147	1104	43	17	96.210426	slide.
5	1	6	7	2	2	196	1106	12	15	94.082352	It
5	1	6	7	2	3	213	1111	32	11	94.082352	was
5	1	6	7	2	4	250	1111	9	11	96.135414	a
5	1	6	7	2	5	265	1107	75	17	95.145706	headshot
5	1	6	7	2	6	344	1108	18	16	95.145706	of
5	1	6	7	2	7	370	1100	27	35	96.966278	the
5	1	6	7	2	8	398	1114	67	12	96.979797	woman.
5	1	6	7	2	9	471	1110	32	17	96.835014	Her
5	1	6	7	2	10	508	1111	55	17	96.086746	brown
5	1	6	7	2	11	568	1117	38	16	43.557018	eyes
5	1	6	7	2	12	612	1114	53	16	96.833496	stared
4	1	6	7	3	0	146	1130	242	22	-1	
5	1	6	7	3	1	146	1130	63	22	96.988136	intently
5	1	6	7	3	2	215	1135	15	13	96.971451	at
5	1	6	7	3	3	237	1132	24	16	96.971451	the
5	1	6	7	3	4	269	1133	42	16	95.641731	three
5	1	6	7	3	5	317	1134	21	16	96.860275	of
5	1	6	7	3	6	342	1134	46	17	93.934578	them.
3	1	6	8	0	0	227	1159	175	19	-1	
4	1	6	8	1	0	227	1159	175	19	-1	
5	1	6	8	1	1	227	1159	66	19	93.263763	“Next,”
5	1	6	8	1	2	298	1159	61	18	91.601860	Deeder
5	1	6	8	1	3	364	1161	38	17	95.929382	said.
3	1	6	9	0	0	144	1184	519	53	-1	
4	1	6	9	1	0	227	1184	436	28	-1	
5	1	6	9	1	1	227	1184	54	21	96.208206	Bobby
5	1	6	9	1	2	286	1186	49	17	96.827881	stared
5	1	6	9	1	3	340	1187	32	17	95.010826	into
5	1	6	9	1	4	376	1187	24	17	95.783272	the
5	1	6	9	1	5	405	1188	51	21	96.933510	grains
5	1	6	9	1	6	461	1189	20	17	96.616463	of
5	1	6	9	1	7	483	1190	25	17	96.187027	the
5	1	6	9	1	8	512	1191	87	21	95.822128	projection
5	1	6	9	1	9	603	1197	60	15	96.586334	screen,
4	1	6	9	2	0	144	1208	347	34	-1	
5	1	6	9	2	1	144	1208	37	17	96.946472	Dust
5	1	6	9	2	2	188	1213	48	14	96.964279	motes
5	1	6	9	2	3	243	1211	69	17	96.226753	tumbled
5	1	6	9	2	4	319	1212	15	17	96.847252	in
5	1	6	9	2	5	341	1213	25	17	96.847252	the
5	1	6	9	2	6	373	1213	44	18	96.141586	beam
5	1	6	9	2	7	424	1215	20	17	90.764503	of
5	1	6	9	2	8	448	1211	43	31	94.233177	light.
3	1	6	10	0	0	225	1237	110	18	-1	
4	1	6	10	1	0	225	1237	110	18	-1	
5	1	6	10	1	1	225	1233	43	31	92.405121	“Next
5	1	6	10	1	2	277	1238	58	17	82.657036	slide.”
2	1	7	0	0	0	137	1263	526	194	-1	
3	1	7	1	0	0	137	1263	526	194	-1	
4	1	7	1	1	0	224	1263	439	38	-1	
5	1	7	1	1	1	224	1263	55	22	96.319214	Bobby
5	1	7	1	1	2	286	1265	54	18	96.319214	leaned
5	1	7	1	1	3	347	1266	71	21	95.655350	forward,
5	1	7	1	1	4	424	1268	25	17	93.092590	his
5	1	7	1	1	5	453	1269	61	19	93.092590	elbows
5	1	7	1	1	6	519	1276	22	12	96.458054	on
5	1	7	1	1	7	547	1272	24	18	96.826820	his
5	1	7	1	1	8	573	1269	90	32	82.694824	kneecaps,
4	1	7	1	2	0	141	1287	517	35	-1	
5	1	7	1	2	1	141	1287	23	28	95.513580	He
5	1	7	1	2	2	174	1288	30	30	96.813202	had
5	1	7	1	2	3	212	1295	10	10	94.286331	a
5	1	7	1	2	4	230	1290	66	22	95.032402	dreamy
5	1	7	1	2	5	305	1294	101	19	96.494019	expression.
5	1	7	1	2	6	416	1295	24	17	96.971306	He
5	1	7	1	2	7	450	1297	53	17	95.785820	stared
5	1	7	1	2	8	514	1298	25	18	95.785820	for
5	1	7	1	2	9	548	1304	10	13	90.127457	a
5	1	7	1	2	10	568	1300	39	22	95.911354	long
5	1	7	1	2	11	617	1302	41	18	78.764946	time.
4	1	7	1	3	0	140	1313	523	44	-1	
5	1	7	1	3	1	140	1318	85	26	96.129364	inspecting
5	1	7	1	3	2	230	1321	48	24	96.160492	every
5	1	7	1	3	3	284	1318	41	17	96.193863	fleck
5	1	7	1	3	4	330	1319	21	17	96.193863	of
5	1	7	1	3	5	354	1320	25	17	95.211761	the
5	1	7	1	3	6	384	1323	78	17	72.038788	woman's
5	1	7	1	3	7	466	1328	44	17	90.184464	eyes.
5	1	7	1	3	8	517	1325	24	18	96.879539	He
5	1	7	1	3	9	547	1326	29	18	90.732941	fell
5	1	7	1	3	10	582	1327	41	19	96.954430	back
5	1	7	1	3	11	625	1313	38	44	96.634384	into
4	1	7	1	4	0	139	1339	496	43	-1	
5	1	7	1	4	1	139	1339	24	17	96.925400	the
5	1	7	1	4	2	168	1341	47	20	96.741211	chair,
5	1	7	1	4	3	221	1343	24	16	96.979416	his
5	1	7	1	4	4	250	1349	42	12	96.791618	arms
5	1	7	1	4	5	297	1345	76	23	95.827530	dangling
5	1	7	1	4	6	378	1348	31	17	96.988884	and
5	1	7	1	4	7	415	1349	24	17	96.505539	his
5	1	7	1	4	8	444	1349	41	19	96.318054	head
5	1	7	1	4	9	491	1351	45	19	95.802124	tilted
5	1	7	1	4	10	541	1356	17	15	95.577667	to
5	1	7	1	4	11	563	1354	27	18	96.944977	the
5	1	7	1	4	12	595	1351	40	31	76.371994	side,
4	1	7	1	5	0	137	1370	499	28	-1	
5	1	7	1	5	1	137	1392	9	6	29.464920	ca
5	1	7	1	5	2	177	1393	33	4	0.000000	es,.
5	1	7	1	5	3	220	1370	40	19	69.218018	Abt,
5	1	7	1	5	4	266	1371	73	18	76.078606	Raheem.
5	1	7	1	5	5	345	1373	33	18	96.909309	The
5	1	7	1	5	6	383	1376	68	17	96.544624	weather
5	1	7	1	5	7	455	1377	14	17	96.544624	is
5	1	7	1	5	8	475	1366	15	36	89.480888	so
5	1	7	1	5	9	496	1377	38	20	93.500778	cold
5	1	7	1	5	10	539	1380	37	18	92.209122	here.
5	1	7	1	5	11	633	1370	3	4	0.000000	,
4	1	7	1	6	0	147	1392	434	34	-1	
5	1	7	1	6	1	147	1392	52	19	95.354431	‘Africa
5	1	7	1	6	2	206	1400	13	12	90.635498	is
5	1	7	1	6	3	226	1399	26	14	90.635498	not
5	1	7	1	6	4	260	1397	25	17	96.778923	the
5	1	7	1	6	5	292	1398	38	18	96.981567	dark
5	1	7	1	6	6	337	1400	85	19	85.964470	continent,
5	1	7	1	6	7	429	1403	34	18	96.865280	The
5	1	7	1	6	8	469	1408	35	18	96.250992	past
5	1	7	1	6	9	512	1406	29	18	94.934570	is.”
5	1	7	1	6	10	577	1395	4	7	0.000000	:
4	1	7	1	7	0	220	1422	442	35	-1	
5	1	7	1	7	1	220	1422	66	19	95.099152	Wallace
5	1	7	1	7	2	292	1429	27	18	96.941223	put
5	1	7	1	7	3	324	1426	25	18	92.055733	his
5	1	7	1	7	4	354	1427	41	19	92.055733	hand
5	1	7	1	7	5	401	1429	16	18	92.725151	in
5	1	7	1	7	6	423	1430	24	18	93.714951	his
5	1	7	1	7	7	452	1432	59	20	95.434441	pocket
5	1	7	1	7	8	515	1434	32	18	89.756767	and
5	1	7	1	7	9	552	1436	80	20	96.216187	wrinkled
5	1	7	1	7	10	637	1438	25	19	96.382713	his
2	1	8	0	0	0	136	1445	450	43	-1	
3	1	8	1	0	0	136	1445	450	43	-1	
4	1	8	1	1	0	136	1445	450	43	-1	
5	1	8	1	1	1	136	1445	81	24	92.849533	Pharmacy
5	1	8	1	1	2	223	1450	58	22	96.475212	receipt
5	1	8	1	1	3	287	1452	72	19	88.056328	between
5	1	8	1	1	4	365	1455	24	17	93.988831	his
5	1	8	1	1	5	396	1456	55	19	96.369995	thumb
5	1	8	1	1	6	456	1459	32	18	96.436836	and
5	1	8	1	1	7	494	1456	92	32	90.793457	forefinger,
2	1	9	0	0	0	687	92	520	133	-1	
3	1	9	1	0	0	687	92	520	133	-1	
4	1	9	1	1	0	775	92	424	32	-1	
5	1	9	1	1	1	775	95	62	17	91.985687	Deeder
5	1	9	1	1	2	847	93	58	17	96.669060	looked
5	1	9	1	1	3	914	95	15	13	96.213684	at
5	1	9	1	1	4	938	92	70	15	96.605965	Wallace
5	1	9	1	1	5	1016	92	31	15	96.738991	and
5	1	9	1	1	6	1056	94	49	17	95.808479	rolled
5	1	9	1	1	7	1113	97	23	17	96.166145	his
5	1	9	1	1	8	1143	105	32	16	88.309273	eyes.
5	1	9	1	1	9	1188	108	11	16	24.614548	1
4	1	9	1	2	0	688	115	519	26	-1	
5	1	9	1	2	1	688	123	77	18	96.161652	slammed
5	1	9	1	2	2	772	122	24	16	96.944687	his
5	1	9	1	2	3	802	121	44	20	96.944687	glass
5	1	9	1	2	4	852	120	49	16	96.732956	down
5	1	9	1	2	5	906	123	22	11	96.891220	on
5	1	9	1	2	6	935	117	26	16	96.628708	the
5	1	9	1	2	7	966	117	55	16	96.628708	coffee
5	1	9	1	2	8	1028	118	46	17	94.742691	table.
5	1	9	1	2	9	1178	115	29	11	49.532341	ied
4	1	9	1	3	0	774	143	409	30	-1	
5	1	9	1	3	1	774	147	47	16	96.046013	“God
5	1	9	1	3	2	831	145	67	17	96.046013	damnit,
5	1	9	1	3	3	909	143	62	20	96.933556	Bobby,
5	1	9	1	3	4	981	143	60	20	81.507431	you've
5	1	9	1	3	5	1051	148	53	16	95.967133	gotten
5	1	9	1	3	6	1113	152	70	21	73.923424	strange!
4	1	9	1	4	0	687	164	504	39	-1	
5	1	9	1	4	1	687	176	39	17	95.967026	said.
5	1	9	1	4	2	734	175	24	16	96.958878	He
5	1	9	1	4	3	765	172	71	22	91.952538	grabbed
5	1	9	1	4	4	843	171	26	16	96.298676	the
5	1	9	1	4	5	876	172	61	14	96.862427	remote
5	1	9	1	4	6	944	169	28	16	96.988258	but
5	1	9	1	4	7	979	169	57	20	92.225464	Bobby
5	1	9	1	4	8	1043	172	77	18	74.153625	wouldn’t
5	1	9	1	4	9	1126	175	19	17	93.258652	let
5	1	9	1	4	10	1146	164	45	39	0.000000	gor
4	1	9	1	5	0	688	194	502	31	-1	
5	1	9	1	5	1	688	201	68	17	96.626755	Wallace
5	1	9	1	5	2	765	198	73	17	96.172249	watched
5	1	9	1	5	3	847	200	33	12	96.182220	two
5	1	9	1	5	4	888	195	91	20	96.182220	struggling
5	1	9	1	5	5	988	194	75	17	96.974022	shadows
5	1	9	1	5	6	1070	201	22	12	95.396179	on
5	1	9	1	5	7	1100	199	24	17	95.396179	the
5	1	9	1	5	8	1132	206	58	19	32.445595	Project
2	1	10	0	0	0	686	233	526	250	-1	
3	1	10	1	0	0	687	233	59	11	-1	
4	1	10	1	1	0	687	233	59	11	-1	
5	1	10	1	1	1	687	233	59	11	89.845284	screen.
3	1	10	2	0	0	774	247	206	20	-1	
4	1	10	2	1	0	774	247	206	20	-1	
5	1	10	2	1	1	774	251	52	16	96.712540	“Give
5	1	10	2	1	2	834	250	11	15	96.087807	it
5	1	10	2	1	3	852	249	43	17	96.087807	here,
5	1	10	2	1	4	903	247	77	20	95.244995	Bobby!”
3	1	10	3	0	0	774	273	259	20	-1	
4	1	10	3	1	0	774	273	259	20	-1	
5	1	10	3	1	1	774	275	106	18	92.860672	“Shuakhwe.
5	1	10	3	1	2	887	274	30	15	82.854477	I'm
5	1	10	3	1	3	923	273	110	16	89.504349	Shuakhwe!”
3	1	10	4	0	0	686	299	526	184	-1	
4	1	10	4	1	0	774	299	435	30	-1	
5	1	10	4	1	1	774	302	63	17	93.056580	Deeder
5	1	10	4	1	2	841	300	61	22	96.670891	pushed
5	1	10	4	1	3	907	299	25	16	96.961395	his
5	1	10	4	1	4	937	304	29	11	96.941216	son
5	1	10	4	1	5	971	299	48	16	96.767441	down
5	1	10	4	1	6	1025	295	28	32	96.686829	into
5	1	10	4	1	7	1060	295	25	32	96.686829	the
5	1	10	4	1	8	1091	302	41	18	95.733109	chair
5	1	10	4	1	9	1136	307	27	16	95.055328	and
5	1	10	4	1	10	1167	311	42	18	89.186287	Taised
4	1	10	4	2	0	687	324	522	30	-1	
5	1	10	4	2	1	687	332	24	16	93.663879	his
5	1	10	4	2	2	719	331	27	16	96.904282	fist
5	1	10	4	2	3	753	330	53	16	90.284271	above
5	1	10	4	2	4	814	328	38	16	92.719376	him.
5	1	10	4	2	5	861	327	31	16	96.503578	For
5	1	10	4	2	6	898	331	9	11	80.072151	a
5	1	10	4	2	7	915	325	55	19	96.608345	while,
5	1	10	4	2	8	977	324	21	17	96.704849	he
5	1	10	4	2	9	1005	325	38	17	95.955734	held
5	1	10	4	2	10	1050	326	56	22	93.532791	Bobby
5	1	10	4	2	11	1113	329	31	18	96.886520	like
5	1	10	4	2	12	1149	333	34	21	96.599014	that,
5	1	10	4	2	13	1189	337	20	17	94.617195	his
4	1	10	4	3	0	687	351	523	29	-1	
5	1	10	4	3	1	687	358	34	16	96.702850	face
5	1	10	4	3	2	728	355	81	18	96.883080	crunched
5	1	10	4	3	3	818	354	33	16	96.735504	into
5	1	10	4	3	4	858	358	9	11	92.338638	a
5	1	10	4	3	5	875	357	38	12	96.715714	sour
5	1	10	4	3	6	919	351	96	21	94.296127	expression
5	1	10	4	3	7	1021	352	53	20	94.296127	again.
5	1	10	4	3	8	1081	354	24	17	96.549683	He
5	1	10	4	3	9	1112	360	71	17	93.885353	squeezed
5	1	10	4	3	10	1189	362	21	18	92.082512	his
4	1	10	4	4	0	687	377	523	28	-1	
5	1	10	4	4	1	687	384	25	16	96.869583	fist
5	1	10	4	4	2	722	383	31	16	96.869583	and
5	1	10	4	4	3	760	382	33	20	96.953125	just
5	1	10	4	4	4	803	380	47	16	96.520508	when
5	1	10	4	4	5	860	378	70	17	96.520508	Wallace
5	1	10	4	4	6	940	377	67	21	96.165039	thought
5	1	10	4	4	7	1017	378	38	17	70.521568	he'd
5	1	10	4	4	8	1063	379	45	22	95.277054	bring
5	1	10	4	4	9	1116	382	25	17	97.002617	the
5	1	10	4	4	10	1149	384	61	21	96.664368	hammer
4	1	10	4	5	0	686	403	524	28	-1	
5	1	10	4	5	1	686	410	53	17	93.294823	down,
5	1	10	4	5	2	747	408	63	17	92.272797	Deeder
5	1	10	4	5	3	817	405	78	17	96.887634	retreated
5	1	10	4	5	4	902	404	49	16	96.989418	down
5	1	10	4	5	5	959	403	25	17	96.023193	the
5	1	10	4	5	6	992	404	72	21	96.218185	hallway.
5	1	10	4	5	7	1072	406	14	16	96.892235	A
5	1	10	4	5	8	1092	406	40	18	96.892235	door
5	1	10	4	5	9	1137	409	73	22	96.518105	slammed,
4	1	10	4	6	0	687	430	525	27	-1	
5	1	10	4	6	1	687	436	56	19	96.390633	Bobby
5	1	10	4	6	2	751	435	52	19	96.893112	began
5	1	10	4	6	3	811	436	17	13	96.499245	to
5	1	10	4	6	4	835	431	37	17	95.731659	well
5	1	10	4	6	5	881	436	26	16	96.039261	up.
5	1	10	4	6	6	916	431	25	16	91.936157	He
5	1	10	4	6	7	949	430	73	19	91.936157	sniffled,
5	1	10	4	6	8	1030	432	47	16	96.221130	stood
5	1	10	4	6	9	1084	438	20	15	95.566566	up
5	1	10	4	6	10	1111	435	30	16	95.566566	and
5	1	10	4	6	11	1147	437	65	20	95.394043	adjusted
4	1	10	4	7	0	686	456	526	27	-1	
5	1	10	4	7	1	686	463	24	15	96.854187	his
5	1	10	4	7	2	717	464	51	19	96.854187	pants,
5	1	10	4	7	3	775	460	29	19	96.784752	dry
5	1	10	4	7	4	812	459	53	16	96.841743	flakes
5	1	10	4	7	5	871	458	21	16	97.001045	of
5	1	10	4	7	6	897	456	39	17	96.634102	mud
5	1	10	4	7	7	944	456	57	22	92.197540	falling
5	1	10	4	7	8	1008	460	17	13	96.615387	to
5	1	10	4	7	9	1032	457	26	17	89.984566	the
5	1	10	4	7	10	1064	463	56	16	89.984566	carpet.
5	1	10	4	7	11	1128	461	23	17	96.937233	He
5	1	10	4	7	12	1157	464	55	19	96.904060	walked
2	1	11	0	0	0	685	485	528	49	-1	
3	1	11	1	0	0	685	485	528	49	-1	
4	1	11	1	1	0	685	485	163	19	-1	
5	1	11	1	1	1	685	491	27	13	91.670174	out
5	1	11	1	1	2	720	488	26	15	96.743279	the
5	1	11	1	1	3	754	487	43	16	96.952850	front
5	1	11	1	1	4	803	485	45	17	80.768539	door.
4	1	11	1	2	0	773	509	440	25	-1	
5	1	11	1	2	1	773	512	62	19	96.225899	During
5	1	11	1	2	2	842	511	27	16	96.225899	the
5	1	11	1	2	3	877	509	65	19	93.286255	scuffle,
5	1	11	1	2	4	951	509	64	17	91.895447	Deeder
5	1	11	1	2	5	1021	510	31	16	95.922943	had
5	1	11	1	2	6	1059	512	63	19	95.267654	pressed
5	1	11	1	2	7	1129	513	25	17	96.755836	the
5	1	11	1	2	8	1159	516	54	18	96.854836	clicker
2	1	12	0	0	0	683	536	529	336	-1	
3	1	12	1	0	0	685	536	527	128	-1	
4	1	12	1	1	0	685	536	527	25	-1	
5	1	12	1	1	1	685	539	60	18	95.646194	several
5	1	12	1	1	2	752	539	47	16	96.501854	times
5	1	12	1	1	3	804	537	31	17	96.445114	and
5	1	12	1	1	4	840	542	10	11	96.445114	a
5	1	12	1	1	5	855	537	61	20	93.948631	picture
5	1	12	1	1	6	921	536	33	16	95.999046	of
5	1	12	1	1	7	947	532	7	33	95.150543	a
5	1	12	1	1	8	959	536	39	17	94.415413	wild
5	1	12	1	1	9	1003	536	39	17	87.814713	boar
5	1	12	1	1	10	1047	537	15	16	87.814713	in
5	1	12	1	1	11	1067	542	45	12	96.822487	some
5	1	12	1	1	12	1117	538	51	23	96.276329	flimsy
5	1	12	1	1	13	1172	544	40	15	96.646957	reeds
4	1	12	1	2	0	685	562	527	24	-1	
5	1	12	1	2	1	685	571	33	11	95.576530	was
5	1	12	1	2	2	723	564	83	22	96.590591	projected
5	1	12	1	2	3	810	568	23	12	96.537613	on
5	1	12	1	2	4	838	563	27	16	96.537613	the
5	1	12	1	2	5	870	567	62	12	94.038643	screen,
5	1	12	1	2	6	939	562	21	17	94.579819	Its
5	1	12	1	2	7	966	562	85	21	96.563545	menacing
5	1	12	1	2	8	1056	568	38	16	96.373848	eyes
5	1	12	1	2	9	1099	564	52	21	96.616875	glared
5	1	12	1	2	10	1155	572	35	12	96.074547	over
5	1	12	1	2	11	1194	569	18	17	96.074547	its
4	1	12	1	3	0	685	588	526	23	-1	
5	1	12	1	3	1	685	592	48	16	93.960236	tusks.
5	1	12	1	3	2	739	591	52	16	96.933914	There
5	1	12	1	3	3	797	595	34	11	96.997353	was
5	1	12	1	3	4	836	589	43	16	96.867455	what
5	1	12	1	3	5	885	588	60	17	95.774979	looked
5	1	12	1	3	6	951	588	33	17	96.727974	like
5	1	12	1	3	7	989	593	10	12	96.946541	a
5	1	12	1	3	8	1005	588	43	21	96.882957	large
5	1	12	1	3	9	1052	590	59	20	90.602127	golden
5	1	12	1	3	10	1115	592	36	16	90.602127	coin
5	1	12	1	3	11	1156	593	14	16	96.783043	in
5	1	12	1	3	12	1175	593	36	18	94.714005	front
4	1	12	1	4	0	685	615	525	25	-1	
5	1	12	1	4	1	685	618	19	17	96.880699	of
5	1	12	1	4	2	709	618	26	16	96.990540	the
5	1	12	1	4	3	741	618	44	17	96.683975	boar,
5	1	12	1	4	4	792	617	28	16	96.309502	but
5	1	12	1	4	5	828	616	26	16	96.309502	the
5	1	12	1	4	6	861	616	40	16	96.830643	boar
5	1	12	1	4	7	905	615	35	21	96.830643	just
5	1	12	1	4	8	946	615	49	17	95.475876	stood
5	1	12	1	4	9	1002	615	43	17	96.727440	there
5	1	12	1	4	10	1052	616	65	22	96.483604	looking
5	1	12	1	4	11	1123	621	16	13	95.950882	at
5	1	12	1	4	12	1145	618	65	22	96.922821	Wallace,
4	1	12	1	5	0	685	641	268	23	-1	
5	1	12	1	5	1	685	644	69	20	96.200806	begging
5	1	12	1	5	2	760	643	32	16	95.022232	him
5	1	12	1	5	3	799	645	17	14	96.990860	to
5	1	12	1	5	4	820	647	22	16	96.692139	go
5	1	12	1	5	5	848	641	25	17	96.126572	for
5	1	12	1	5	6	878	642	26	16	96.616058	the
5	1	12	1	5	7	910	641	43	17	96.591003	coin.
3	1	12	2	0	0	683	668	525	204	-1	
4	1	12	2	1	0	772	668	436	25	-1	
5	1	12	2	1	1	772	669	17	16	96.897217	In
5	1	12	2	1	2	798	668	26	17	96.868652	the
5	1	12	2	1	3	833	668	87	20	96.536949	driveway,
5	1	12	2	1	4	931	668	59	20	96.834724	Bobby
5	1	12	2	1	5	998	671	24	13	96.834724	sat
5	1	12	2	1	6	1031	668	16	17	96.606995	in
5	1	12	2	1	7	1056	668	24	17	96.606995	his
5	1	12	2	1	8	1089	669	48	22	96.803215	idling
5	1	12	2	1	9	1143	671	38	22	95.602844	jeep.
5	1	12	2	1	10	1189	673	19	17	96.652832	He
4	1	12	2	2	0	685	694	523	22	-1	
5	1	12	2	2	1	685	696	58	16	96.882545	looked
5	1	12	2	2	2	749	696	16	15	96.823204	in
5	1	12	2	2	3	771	695	27	16	96.610962	the
5	1	12	2	2	4	805	694	78	17	96.610962	rearview
5	1	12	2	2	5	889	694	58	16	96.398872	mirror
5	1	12	2	2	6	952	694	32	16	96.170364	and
5	1	12	2	2	7	990	695	73	16	96.170364	smeared
5	1	12	2	2	8	1068	696	44	20	93.262840	paint
5	1	12	2	2	9	1116	701	21	12	93.262840	on
5	1	12	2	2	10	1146	697	23	17	95.952522	his
5	1	12	2	2	11	1174	697	34	18	89.543915	face,
4	1	12	2	3	0	685	720	523	23	-1	
5	1	12	2	3	1	685	721	68	17	96.016075	Wallace
5	1	12	2	3	2	757	721	49	16	91.964584	stood
5	1	12	2	3	3	810	720	64	17	96.799820	outside
5	1	12	2	3	4	879	720	27	16	95.694321	the
5	1	12	2	3	5	909	720	39	21	93.983177	jeep
5	1	12	2	3	6	953	720	33	17	96.427811	and
5	1	12	2	3	7	990	720	60	17	96.416260	looked
5	1	12	2	3	8	1054	721	17	17	96.437622	in
5	1	12	2	3	9	1075	724	15	14	95.972458	at
5	1	12	2	3	10	1095	722	57	21	95.972458	Bobby.
5	1	12	2	3	11	1157	724	21	16	96.285645	He
5	1	12	2	3	12	1182	724	26	17	96.310448	had
4	1	12	2	4	0	684	747	523	21	-1	
5	1	12	2	4	1	684	748	46	16	95.954666	made
5	1	12	2	4	2	738	752	9	11	95.954666	a
5	1	12	2	4	3	755	747	49	16	96.487778	fierce
5	1	12	2	4	4	812	747	47	16	96.748016	mask
5	1	12	2	4	5	867	747	39	16	96.604057	with
5	1	12	2	4	6	914	747	84	20	96.640770	splotches
5	1	12	2	4	7	1005	747	21	16	96.960709	of
5	1	12	2	4	8	1030	747	54	20	96.964378	white,
5	1	12	2	4	9	1090	748	32	19	94.283226	red,
5	1	12	2	4	10	1129	749	46	19	96.622559	black,
5	1	12	2	4	11	1181	751	26	16	96.919441	and
4	1	12	2	5	0	684	773	523	21	-1	
5	1	12	2	5	1	684	778	41	16	96.951698	gray.
5	1	12	2	5	2	732	773	24	16	96.966095	He
5	1	12	2	5	3	762	773	60	16	96.336967	looked
5	1	12	2	5	4	827	776	16	13	96.780380	at
5	1	12	2	5	5	849	773	77	19	96.982216	Wallace,
5	1	12	2	5	6	931	773	67	16	96.873436	nodded
5	1	12	2	5	7	1002	776	16	14	96.314804	at
5	1	12	2	5	8	1023	773	39	20	96.314804	him,
5	1	12	2	5	9	1066	774	31	17	96.919281	and
5	1	12	2	5	10	1103	774	57	18	96.877708	flashed
5	1	12	2	5	11	1164	781	18	11	96.823654	on
5	1	12	2	5	12	1186	776	21	16	92.962379	his
4	1	12	2	6	0	684	799	522	24	-1	
5	1	12	2	6	1	684	799	91	21	96.536690	headlights.
5	1	12	2	6	2	781	800	22	15	96.934753	To
5	1	12	2	6	3	808	799	26	17	96.908272	the
5	1	12	2	6	4	838	799	56	16	92.544998	erratic
5	1	12	2	6	5	899	799	63	21	92.544998	rhythm
5	1	12	2	6	6	967	799	21	17	96.857201	of
5	1	12	2	6	7	989	800	45	16	96.584496	tribal
5	1	12	2	6	8	1038	800	58	20	96.956070	drums,
5	1	12	2	6	9	1101	801	53	21	96.140076	Bobby
5	1	12	2	6	10	1160	802	46	21	93.003342	peeled
4	1	12	2	7	0	683	825	523	22	-1	
5	1	12	2	7	1	683	829	27	13	93.554054	out
5	1	12	2	7	2	715	825	22	17	96.461098	of
5	1	12	2	7	3	739	825	27	17	96.461098	the
5	1	12	2	7	4	771	825	84	21	96.894028	driveway
5	1	12	2	7	5	860	826	33	16	96.929749	and
5	1	12	2	7	6	898	826	108	21	96.901711	disappeared
5	1	12	2	7	7	1011	826	61	17	96.989128	around
5	1	12	2	7	8	1077	827	26	16	96.989128	the
5	1	12	2	7	9	1108	827	39	17	96.916435	bend
5	1	12	2	7	10	1152	828	29	17	89.010277	into
5	1	12	2	7	11	1185	829	21	16	89.010277	the
4	1	12	2	8	0	684	851	137	21	-1	
5	1	12	2	8	1	684	851	81	17	84.160782	moonless
5	1	12	2	8	2	771	851	50	21	94.584427	night.
2	1	13	0	0	0	1191	159	17	68	-1	
3	1	13	1	0	0	1191	159	17	68	-1	
4	1	13	1	1	0	1192	159	16	17	-1	
5	1	13	1	1	1	1192	159	16	17	96.565819	he
4	1	13	1	2	0	1194	189	14	12	-1	
5	1	13	1	2	1	1194	189	14	12	79.185982	it,
4	1	13	1	3	0	1191	215	17	12	-1	
5	1	13	1	3	1	1191	215	17	12	86.380844	ion
2	1	14	0	0	0	680	904	527	620	-1	
3	1	14	1	0	0	682	904	525	157	-1	
4	1	14	1	1	0	684	904	521	23	-1	
5	1	14	1	1	1	684	904	83	16	90.426430	Wallace’s
5	1	14	1	1	2	773	904	51	17	96.793274	house
5	1	14	1	1	3	830	909	34	12	96.793274	was
5	1	14	1	1	4	868	904	40	17	96.982445	dark
5	1	14	1	1	5	913	905	33	16	96.952576	and
5	1	14	1	1	6	950	909	63	13	96.150162	vacant.
5	1	14	1	1	7	1019	906	25	17	96.973625	He
5	1	14	1	1	8	1049	909	23	14	96.973625	sat
5	1	14	1	1	9	1077	906	25	17	96.992264	the
5	1	14	1	1	10	1106	906	46	17	96.479263	bottle
5	1	14	1	1	11	1155	900	10	31	96.833580	of
5	1	14	1	1	12	1166	906	39	21	96.925835	pills
4	1	14	1	2	0	683	930	523	22	-1	
5	1	14	1	2	1	683	935	20	11	96.937973	on
5	1	14	1	2	2	709	930	26	16	96.811378	the
5	1	14	1	2	3	739	933	96	19	96.463104	countertop
5	1	14	1	2	4	840	930	40	18	96.463104	with
5	1	14	1	2	5	885	936	9	12	96.778206	a
5	1	14	1	2	6	899	932	55	16	95.453171	Xerox
5	1	14	1	2	7	959	926	16	32	95.453171	of
5	1	14	1	2	8	972	932	37	17	96.892921	the
5	1	14	1	2	9	1014	932	95	17	96.309341	medication
5	1	14	1	2	10	1113	933	93	16	96.323380	instructions.
4	1	14	1	3	0	683	955	523	25	-1	
5	1	14	1	3	1	683	955	24	17	96.585297	He
5	1	14	1	3	2	714	956	62	20	93.613083	poured
5	1	14	1	3	3	782	962	10	11	93.613083	a
5	1	14	1	3	4	798	957	46	21	96.594116	glass
5	1	14	1	3	5	850	957	22	17	96.571640	of
5	1	14	1	3	6	876	957	80	21	95.771866	bourbon,
5	1	14	1	3	7	964	959	58	21	96.114929	placed
5	1	14	1	3	8	1028	959	12	17	96.977280	it
5	1	14	1	3	9	1046	959	55	17	95.330032	beside
5	1	14	1	3	10	1106	959	26	17	95.330032	the
5	1	14	1	3	11	1138	959	37	21	93.594315	pills,
5	1	14	1	3	12	1180	958	26	16	93.636475	and
4	1	14	1	4	0	682	982	524	24	-1	
5	1	14	1	4	1	682	978	35	33	94.669930	then
5	1	14	1	4	2	724	978	70	33	94.669930	thumbed
5	1	14	1	4	3	801	978	64	33	96.786621	through
5	1	14	1	4	4	873	978	28	33	95.938408	the
5	1	14	1	4	5	909	978	44	33	96.882065	paper
5	1	14	1	4	6	961	988	14	14	96.882492	to
5	1	14	1	4	7	986	978	25	33	96.109718	see
5	1	14	1	4	8	1019	978	33	33	96.969002	what
5	1	14	1	4	9	1060	978	28	33	96.969002	was
5	1	14	1	4	10	1096	978	17	33	96.968033	on
5	1	14	1	4	11	1120	978	26	33	94.930168	TV,
5	1	14	1	4	12	1150	985	56	20	94.930168	Finding
4	1	14	1	5	0	683	1008	524	26	-1	
5	1	14	1	5	1	683	1008	67	23	96.743576	nothing
5	1	14	1	5	2	756	1009	34	17	96.995735	that
5	1	14	1	5	3	797	1009	88	19	96.826050	interested
5	1	14	1	5	4	892	1011	39	20	94.497467	him,
5	1	14	1	5	5	939	1011	21	18	97.011223	he
5	1	14	1	5	6	967	1011	56	18	96.990730	folded
5	1	14	1	5	7	1029	1012	27	17	95.753380	the
5	1	14	1	5	8	1061	1017	48	17	95.753380	paper
5	1	14	1	5	9	1114	1011	30	18	96.355614	and
5	1	14	1	5	10	1149	1010	58	18	95.423569	reached
4	1	14	1	6	0	683	1034	362	27	-1	
5	1	14	1	6	1	683	1034	25	18	96.973083	for
5	1	14	1	6	2	714	1035	27	17	96.967216	the
5	1	14	1	6	3	748	1036	80	18	95.955688	bourbon.
5	1	14	1	6	4	835	1038	35	17	96.801918	The
5	1	14	1	6	5	878	1038	44	17	95.731880	front
5	1	14	1	6	6	928	1039	43	17	96.941185	door
5	1	14	1	6	7	976	1040	69	21	96.395210	opened.
3	1	14	2	0	0	769	1063	437	24	-1	
4	1	14	2	1	0	769	1063	437	24	-1	
5	1	14	2	1	1	769	1063	100	21	96.416298	“Wallace,”
5	1	14	2	1	2	873	1065	65	18	96.931763	Martha
5	1	14	2	1	3	942	1066	61	21	86.723839	yelled.
5	1	14	2	1	4	1008	1066	84	19	89.020523	“Wallace,
5	1	14	2	1	5	1095	1070	26	12	93.915817	are
5	1	14	2	1	6	1125	1069	30	17	93.405357	you
5	1	14	2	1	7	1158	1063	48	17	93.405357	here?”
3	1	14	3	0	0	770	1090	96	19	-1	
4	1	14	3	1	0	770	1090	96	19	-1	
5	1	14	3	1	1	770	1090	96	19	75.329338	“Martha.”
3	1	14	4	0	0	770	1116	415	26	-1	
4	1	14	4	1	0	770	1116	415	26	-1	
5	1	14	4	1	1	770	1117	89	21	92.639984	“Wallace,
5	1	14	4	1	2	864	1123	49	13	95.817062	come
5	1	14	4	1	3	918	1122	29	14	95.817062	out
5	1	14	4	1	4	954	1119	48	21	96.955536	front,
5	1	14	4	1	5	1007	1119	53	23	96.725929	quick.
5	1	14	4	1	6	1066	1119	34	17	86.354118	I’ve
5	1	14	4	1	7	1104	1118	22	17	81.201141	hit
5	1	14	4	1	8	1130	1122	9	13	81.201141	a
5	1	14	4	1	9	1143	1116	42	21	90.127907	dog.”
3	1	14	5	0	0	681	1141	524	161	-1	
4	1	14	5	1	0	771	1141	434	23	-1	
5	1	14	5	1	1	771	1144	63	18	93.081871	Across
5	1	14	5	1	2	843	1145	27	18	96.894714	the
5	1	14	5	1	3	880	1149	50	14	83.045792	street
5	1	14	5	1	4	944	1152	5	12	96.131104	a
5	1	14	5	1	5	958	1146	90	18	93.279648	Foxhound
5	1	14	5	1	6	1056	1145	64	18	93.202545	writhed
5	1	14	5	1	7	1128	1144	16	17	96.746689	in
5	1	14	5	1	8	1150	1143	23	17	96.746689	the
5	1	14	5	1	9	1181	1141	24	21	91.006363	dry
4	1	14	5	2	0	682	1166	522	28	-1	
5	1	14	5	2	1	678	1162	57	40	80.586945	leaves
5	1	14	5	2	2	744	1162	68	40	96.935104	bunched
5	1	14	5	2	3	819	1162	16	40	96.978409	by
5	1	14	5	2	4	844	1162	28	40	92.985428	the
5	1	14	5	2	5	878	1173	90	18	63.720627	Petersons’
5	1	14	5	2	6	974	1162	45	40	96.121109	brick
5	1	14	5	2	7	1024	1162	68	40	96.089684	mailbox.
5	1	14	5	2	8	1101	1162	18	40	89.396057	Its
5	1	14	5	2	9	1124	1162	35	40	89.396057	legs
5	1	14	5	2	10	1161	1162	47	40	93.978485	moved
4	1	14	5	3	0	681	1192	522	31	-1	
5	1	14	5	3	1	681	1200	18	13	89.830589	as
5	1	14	5	3	2	704	1196	63	23	95.119064	though
5	1	14	5	3	3	772	1197	12	18	96.924469	it
5	1	14	5	3	4	789	1203	44	13	95.794357	were
5	1	14	5	3	5	838	1199	86	24	96.730415	dreaming
5	1	14	5	3	6	928	1188	18	43	96.494621	of
5	1	14	5	3	7	941	1200	39	18	96.494621	the
5	1	14	5	3	8	984	1200	58	23	88.036751	prairie
5	1	14	5	3	9	1046	1199	37	18	92.944298	hills
5	1	14	5	3	10	1087	1198	49	18	95.849068	where
5	1	14	5	3	11	1140	1197	11	16	16.512039	it
5	1	14	5	3	12	1154	1192	49	30	16.512039	chased
4	1	14	5	4	0	682	1219	520	29	-1	
5	1	14	5	4	1	682	1223	92	19	91.336388	woodcock
5	1	14	5	4	2	781	1225	33	18	96.971832	and
5	1	14	5	4	3	820	1226	85	22	96.519135	pheasant,
5	1	14	5	4	4	913	1227	53	19	96.975647	There
5	1	14	5	4	5	973	1233	35	13	96.821037	was
5	1	14	5	4	6	1014	1226	50	20	96.821037	blood
5	1	14	5	4	7	1070	1225	60	21	96.971085	coming
5	1	14	5	4	8	1136	1219	66	21	82.266388	out
5	1	14	5	4	9	1165	1215	14	38	82.266388	of
5	1	14	5	4	10	1184	1215	20	38	81.775246	is
4	1	14	5	5	0	682	1245	520	32	-1	
5	1	14	5	5	1	682	1239	39	46	93.470467	nose
5	1	14	5	5	2	727	1239	28	46	96.627884	and
5	1	14	5	5	3	762	1239	47	46	96.604538	eyes,
5	1	14	5	5	4	819	1239	47	46	96.841995	which
5	1	14	5	5	5	873	1239	55	46	96.790894	bulged
5	1	14	5	5	6	938	1255	32	19	96.690742	like
5	1	14	5	5	7	973	1239	43	46	96.615776	fried
5	1	14	5	5	8	1023	1239	23	46	95.547981	egg
5	1	14	5	5	9	1057	1239	47	46	94.459015	yolks.
5	1	14	5	5	10	1115	1239	35	46	93.145790	There
5	1	14	5	5	11	1161	1239	41	46	0.000000	wes
